tree
version=v4
num_class=1
num_tree_per_iteration=1
label_index=0
max_feature_idx=49
objective=regression
feature_names=ruolo cambio_squadra presenze_cumulate_carriera_n1 fantamedia_lag1 gol_lag1 assist_lag1 bonus_netti_lag1 presenze_lag1 voto_medio_lag1 minuti_totali_lag1 xg_totale_lag1 xa_totale_lag1 shots_totali_lag1 fantamedia_ma3 gol_ma3 assist_ma3 bonus_netti_ma3 presenze_ma3 voto_medio_ma3 minuti_totali_ma3 xg_totale_ma3 xa_totale_ma3 shots_totali_ma3 fantamedia_career_mean gol_career_mean assist_career_mean bonus_netti_career_mean presenze_career_mean voto_medio_career_mean minuti_totali_career_mean xg_totale_career_mean xa_totale_career_mean shots_totali_career_mean eta_n1 squadra_in_champions_n1 squadra_in_champions_target squadra_punti_finali_n1 squadra_posizione_finale_n1 squadra_nuova_punti_finali_n1 squadra_nuova_posizione_finale_n1 quotazione_iniziale_n1 quotazione_attuale_n1 fvm_n1 quotazione_iniziale_target infortuni_n1_count infortuni_n1_giorni_totali infortuni_career_count altezza_m nazionalita piede_dominante
feature_infos=-1:2:1:0:3 [0:1] [1:7] [0.5:10] [0:28] [0:15] [-76:108] [1:38] [4:7] [0:3065] [0:10.599772159010172] [0:9.2656112750992179] [0:66] [1:10] [0:28.5] [0:11] [-74.5:91.5] [1:38] [5:7] [0:2984.5] [0:10.599772159010172] [0:7.8876863638870418] [0:66] [2.6666666666666665:10] [0:28.5] [0:11] [-74.5:91.5] [1:38] [5:7] [0:2251] [0:10.599772159010172] [0:5.2584575759246954] [0:66] [15:41] [0:1] [0:1] [14:92] [1:20] [31:92] [1:18] [1:49] [1:50] none [1:49] [0:7] [0:408] [0:14] [1.6299999999999999:2.02] -1:44:3:9:63:73:31:69:56:20:83:0:16:8:64:19:34:75:7:35:72:65:76:68:1:55:80:71:36:22:24:58:77:15:59:61:47:85:27:60:2:54:37:38:12:25:41:45:52:53:62:81:4:11:30:40:50:66:86 -1:2:1:0
tree_sizes=1354 1416 1387 1419 1405 1431 1427 1451 1469 1431 1408 1450 1424 1446 1425 1434 1428 1443 1436 1447 1398 1417 1420 1413 1441 1493 1381 1432 1431 1420 1450 1441 1451 1444 1457 1448 1442 1441 1475 1467 1451 1429 1422 1452 1411 1458

Tree=0
num_leaves=15
num_cat=0
split_feature=16 16 43 43 16 26 14 43 18 8 3 47 43 43
split_gain=136990 90257.7 26946.1 12340.7 10220.7 5232.74 4292.37 3642.76 2178.48 2025.26 2309.83 1516.68 1468.07 1457.38
threshold=-4.8749999999999991 12.583333333333334 25.500000000000004 4.5000000000000009 4.791666666666667 -25.208333333333332 13.833333333333334 12.500000000000002 5.9136830623149974 6.3623737373737379 7.8468750000000007 1.925 15.500000000000002 22.500000000000004
decision_type=2 2 2 2 2 2 2 2 2 2 2 10 2 2
left_child=3 4 7 -1 -2 11 9 -3 -9 -4 -11 -5 -6 -10
right_child=1 2 6 5 12 -7 -8 8 13 10 -12 -13 -14 -15
leaf_value=2.9392821957821731 3.749805512314897 4.1296728844417983 5.6645108355045286 1.324302481210228 4.0464110143910448 2.4015644236082085 6.1460449052359083 5.1148580794162184 4.4844711124327503 4.6348233546276845 5.4984691931764251 1.9154299774901502 4.478945373008929 4.8567487594157104
leaf_weight=41 999 54 24 30 298 28 22 18 173 16.000000000000004 14.999999999999998 17 21 31
leaf_count=41 999 54 24 30 298 28 22 18 173 16 15 17 21 31
internal_value=3.90332 4.01866 4.72872 2.24177 3.82849 1.86047 5.55579 4.49798 4.58757 5.31968 5.05272 1.53811 4.07489 4.54104
internal_weight=1787 1671 353 116 1318 75 77 276 222 55 31 47 319 204
internal_count=1787 1671 353 116 1318 75 77 276 222 55 31 47 319 204
is_linear=0
shrinkage=1


Tree=1
num_leaves=15
num_cat=1
split_feature=0 43 43 43 6 14 46 14 6 8 1 8 3 13
split_gain=114150 79019.8 18222.5 17971.4 12555.8 3873.86 3230.58 2497.47 1993.16 2288.43 2003.67 1827.8 2084.63 1767.23
threshold=0 15.500000000000002 25.500000000000004 3.5000000000000004 4.7500000000000009 13.833333333333334 1.5000000000000002 4.416666666666667 13.250000000000002 6.006756756756757 1.0000000180025095e-35 6.3623737373737379 7.8468750000000007 6.2075940860215066
decision_type=1 2 2 2 2 2 2 2 2 2 2 2 2 2
left_child=3 4 8 -1 13 11 -5 -6 -3 -10 -11 -4 -13 -2
right_child=1 2 5 6 7 -7 -8 -9 9 10 -12 12 -14 -15
leaf_value=-0.76776814990573472 -0.14968766375822334 0.33053649522756279 1.6761494199434919 -2.3859487346240456 0.13509521367624888 2.1336068543520841 -1.7126951178725887 0.42184017418265934 1.2070210397243502 0.76724900104356619 0.28229370298130169 0.6979463309049605 1.5184098752339681 0.045510049828731303
leaf_weight=54 861 38 24 28 306 22 49 101 22 89 28 16.000000000000004 14.999999999999998 134
leaf_count=54 861 38 24 28 306 22 49 101 22 89 28 16 15 134
internal_value=0.00301545 0.118593 0.930766 -1.36304 -0.0277017 1.57286 -1.95751 0.206253 0.651436 0.739164 0.651191 1.34856 1.09494 -0.1234
internal_weight=1787 1656 254 131 1402 77 77 407 177 139 117 55 31 995
internal_count=1787 1656 254 131 1402 77 77 407 177 139 117 55 31 995
cat_boundaries=0 1
cat_threshold=8
is_linear=0
shrinkage=0.05


Tree=2
num_leaves=15
num_cat=0
split_feature=16 26 41 16 16 46 40 26 1 17 47 40 33 33
split_gain=111997 74217.6 19785 6589.18 5248.24 4626.51 5092.5 3797.82 3281.37 2424 2295.26 2105.61 1567.11 1326.2
threshold=-4.8749999999999991 11.29166666666667 26.500000000000004 4.791666666666667 -29.583333333333325 4.5000000000000009 25.500000000000004 29.232142857142861 1.0000000180025095e-35 30.583333333333339 1.905 11.500000000000002 28.500000000000004 21.500000000000004
decision_type=2 2 10 2 2 2 10 2 2 2 10 10 8 8
left_child=4 3 7 -2 8 6 -4 12 11 -9 -6 -1 -3 -5
right_child=1 2 5 13 10 -7 -8 9 -10 -11 -12 -13 -14 -15
leaf_value=-2.2909684501845264 -0.13650622935415627 0.5506404643608519 1.1836276830597359 0.43441301410396893 -0.80082631294543938 0.79101867465411924 2.2084308359358049 0.51060617230832583 -1.2215366076020633 1.2928001041595754 -1.4532317987510137 -1.5764621615409853 0.2719510317187418 0.097250057235953813
leaf_weight=29 999 214 22 33 26 17 27 15.999999999999998 17 26 28 15.999999999999998 66 251
leaf_count=29 999 214 22 33 26 17 27 16 17 26 28 16 66 251
internal_value=0.00286468 0.107157 0.713101 -0.0760907 -1.49948 1.50174 1.74832 0.551454 -1.81335 0.994821 -1.13911 -2.03692 0.484949 0.136427
internal_weight=1787 1671 388 1283 116 66 49 322 62 42 54 45 280 284
internal_count=1787 1671 388 1283 116 66 49 322 62 42 54 45 280 284
is_linear=0
shrinkage=0.05


Tree=3
num_leaves=15
num_cat=0
split_feature=16 16 43 43 16 16 14 43 40 18 8 3 41 46
split_gain=101077 66827.2 19957.2 9530.35 7598.44 3992.15 3180.59 3040.23 2423.31 1931.91 1666.89 1715.99 1527.93 1194.14
threshold=-4.8749999999999991 12.583333333333334 25.500000000000004 4.5000000000000009 4.791666666666667 -25.333333333333332 13.833333333333334 12.500000000000002 11.500000000000002 5.9136830623149974 6.3623737373737379 7.8468750000000007 9.5000000000000018 2.5000000000000004
decision_type=2 2 2 2 2 2 2 2 10 2 2 2 10 2
left_child=3 4 7 -1 -2 8 10 -3 12 -9 -4 -12 -5 -11
right_child=1 2 6 5 -6 -7 -8 9 -10 13 11 -13 -14 -15
leaf_value=-0.81154233711521817 -0.12968091991123137 0.17773565324368301 1.5341502755880356 -1.8763093467553458 0.15061188979091877 -1.2278234402338664 1.9326533041217111 1.0926055550575258 -1.5224138862946455 0.67320963792941146 0.61892781332135183 1.3633220052719117 -2.5513643816897744 0.43126670458153182
leaf_weight=41 999 54 24 14.999999999999998 319 24 22 18 17 102 16.000000000000004 14.999999999999998 19 102
leaf_count=41 999 54 24 15 319 24 22 18 17 102 16 15 19 102
internal_value=0.00272145 0.101799 0.712781 -1.42451 -0.0618407 -1.75959 1.42455 0.514207 -2.00984 0.596052 1.22131 0.979119 -2.25355 0.552238
internal_weight=1787 1671 353 116 1318 75 77 276 51 222 55 31 34 204
internal_count=1787 1671 353 116 1318 75 77 276 51 222 55 31 34 204
is_linear=0
shrinkage=0.05


Tree=4
num_leaves=15
num_cat=0
split_feature=16 26 43 43 16 26 43 41 27 43 18 43 3 16
split_gain=91221.9 60722 19290.1 8601.14 5363.4 3811.43 3116.72 2987.02 1702.56 1582.24 1442.15 1196.75 1309.4 1166.97
threshold=-4.8749999999999991 11.29166666666667 25.500000000000004 4.5000000000000009 3.2083333333333335 -25.208333333333332 12.500000000000002 30.500000000000004 31.916666666666668 15.500000000000002 5.9136830623149974 22.500000000000004 7.2589285714285721 29.666666666666668
decision_type=2 2 2 2 2 2 2 10 2 2 2 2 2 2
left_child=3 4 6 -1 -2 -5 -3 13 -9 -6 -8 12 -12 -4
right_child=1 2 7 5 9 -7 10 8 -10 -11 11 -13 -14 -15
leaf_value=-0.77096521876207214 -0.13685059092696403 0.21539422844418851 0.73062800884246837 -1.9467265168403056 0.060587430303865999 -1.2098123997449877 0.93425704563657441 2.0652066721635705 1.3343610604604086 0.49704054350202737 0.52692887198230998 0.80964741430455645 0.12103880545853272 1.2707591045647861
leaf_weight=41 891 87 14.999999999999998 47 370 28 24 17 14.999999999999998 22 146 31 23 30
leaf_count=41 891 87 15 47 370 28 24 17 15 22 146 31 23 30
internal_value=0.00258537 0.0967089 0.644799 -1.35328 -0.0690426 -1.67161 0.469376 1.35333 1.72262 0.0850822 0.568021 0.524073 0.471689 1.09072
internal_weight=1787 1671 388 116 1283 75 311 77 32 392 224 200 169 45
internal_count=1787 1671 388 116 1283 75 311 77 32 392 224 200 169 45
is_linear=0
shrinkage=0.05


Tree=5
num_leaves=15
num_cat=0
split_feature=26 43 16 43 41 36 43 8 23 8 6 40 40 44
split_gain=94401.7 60361.1 20295.7 11749.4 5189.22 4528.55 2890.06 2659.89 3311.07 2099.75 1657.78 1377.63 1931.91 1265.3
threshold=-5.2499999999999991 22.500000000000004 6.2083333333333348 4.5000000000000009 30.500000000000004 74.500000000000014 13.500000000000002 6.2635233918128668 7.0340112433862449 6.506756756756757 16.750000000000004 6.5000000000000009 11.500000000000002 1.5000000000000002
decision_type=2 2 2 2 10 2 2 2 2 2 2 10 10 2
left_child=3 2 -2 -1 7 11 -4 8 -3 -6 -8 -5 -13 -12
right_child=1 4 6 5 9 -7 10 -9 -10 -11 13 12 -14 -15
leaf_value=-0.61543972257797319 -0.1017567651773623 0.69181136190891268 0.18073059383405055 -1.4099878951907159 2.1797622044881186 -0.88511146679520614 0.27517253725446372 0.69846386771935687 1.5934683832739083 1.3681318928213682 0.68166913865952183 -2.1585724466187615 -1.5323193813625136 0.34062510389228201
leaf_weight=41 1056 15.999999999999998 256 15.999999999999998 14.999999999999998 15.999999999999998 95 39 28 17 74 35 19 43
leaf_count=41 1056 16 256 16 15 16 95 39 28 17 74 35 19 43
internal_value=0.00130567 0.103066 0.0197137 -1.31196 1.20766 -1.64402 0.293801 0.999111 1.26559 1.74858 0.430339 -1.81748 -1.93822 0.556328
internal_weight=1766 1639 1524 127 115 86 468 83 44 32 212 70 54 117
internal_count=1766 1639 1524 127 115 86 468 83 44 32 212 70 54 117
is_linear=0
shrinkage=0.05


Tree=6
num_leaves=15
num_cat=0
split_feature=16 6 16 41 6 18 40 45 24 1 47 36 41 27
split_gain=84664.7 51559 15061.2 7386.38 7056.76 2948.51 2545.37 2536.41 2514.68 2385.01 2113.44 1966.94 1659.59 1394.67
threshold=-4.8749999999999991 23.250000000000004 6.2083333333333348 30.500000000000004 -31.249999999999996 6.1838770588770595 13.500000000000002 11.500000000000002 9.309523809523812 1.0000000180025095e-35 1.905 58.000000000000007 14.500000000000002 31.535714285714288
decision_type=2 2 2 10 2 2 10 2 2 2 10 2 10 2
left_child=4 2 -2 6 9 10 -3 8 -8 11 -6 -1 -4 -5
right_child=1 3 12 13 5 -7 7 -9 -10 -11 -12 -13 -14 -15
leaf_value=-1.9941694941484567 -0.096242293947247315 0.44217834258224908 0.19076017831953673 1.9406772829592229 -0.2817180510949005 -1.3358688170259649 0.92387874505004375 0.61185066058085524 1.6913577993710835 -1.053040775557359 -0.98297676245371501 -1.3186356037855149 0.40509312590301944 1.2902817445642809
leaf_weight=33 1054 41 286 15.999999999999998 22 22 37 39 14.999999999999998 14.999999999999998 21 15.999999999999998 132 17
leaf_count=33 1054 41 286 16 22 22 37 39 15 15 21 16 132 17
internal_value=0.00124039 0.0984248 0.00447712 0.936551 -1.23202 -0.865068 0.769283 0.91666 1.14527 -1.60471 -0.624193 -1.77359 0.258444 1.60563
internal_weight=1766 1637 1472 165 129 65 132 91 52 64 43 49 418 33
internal_count=1766 1637 1472 165 129 65 132 91 52 64 43 49 418 33
is_linear=0
shrinkage=0.05


Tree=7
num_leaves=15
num_cat=1
split_feature=26 43 16 43 45 40 37 43 15 13 8 8 0 6
split_gain=76986.8 49813.7 16372.5 10004 4194.22 4102.49 3740.99 2413.85 1855.12 2236.74 1545.7 1844.82 1223.68 1222.06
threshold=-5.2499999999999991 22.500000000000004 6.2083333333333348 4.5000000000000009 17.500000000000004 30.500000000000004 7.5000000000000009 13.500000000000002 3.8333333333333335 7.0340112433862449 5.9552139037433163 5.8732142857142859 0 16.750000000000004
decision_type=2 2 2 2 2 10 2 2 2 2 2 2 1 2
left_child=3 2 12 -1 5 8 -5 -4 9 -3 11 -9 -2 -12
right_child=1 4 7 6 -6 -7 -8 10 -10 -11 13 -13 -14 -15
leaf_value=-0.54207568225882408 -0.023203525959319519 0.94639921426773066 0.1601936097344151 -1.0833617220906651 0.69086216202051176 1.9779447317123413 -1.7578454427994215 0.31617720365524288 0.8010992919023221 1.8098693402608239 0.18314237378728696 1.0880081161856652 -0.1348763628945229 0.44549749314206322
leaf_weight=41 422 15.000000000000002 256 34 41 18 52 15.000000000000002 26 14.999999999999998 78 15.999999999999998 634 103
leaf_count=41 422 15 256 34 41 18 52 15 26 15 78 16 634 103
internal_value=0.00117837 0.093074 0.0173539 -1.18478 1.09653 1.32129 -1.49119 0.263529 1.11023 1.37813 0.388312 0.714542 -0.0917465 0.332438
internal_weight=1766 1639 1524 127 115 74 86 468 56 30 212 31 1056 181
internal_count=1766 1639 1524 127 115 74 86 468 56 30 212 31 1056 181
cat_boundaries=0 1
cat_threshold=3
is_linear=0
shrinkage=0.05


Tree=8
num_leaves=15
num_cat=1
split_feature=26 43 26 43 41 36 8 23 43 8 27 0 40 40
split_gain=69475 44961.4 14707.8 9028.63 3945.61 3624.8 2312.93 2795.09 1910.92 2144.41 1854.09 1195.25 1152.33 1557.95
threshold=-5.2499999999999991 22.500000000000004 6.2750000000000012 4.5000000000000009 30.500000000000004 74.500000000000014 6.2635233918128668 7.0340112433862449 15.500000000000002 5.9552139037433163 31.535714285714288 0 6.5000000000000009 11.500000000000002
decision_type=2 2 2 2 10 2 2 2 2 2 2 1 10 10
left_child=3 2 11 -1 6 12 7 -3 -4 -10 -6 -2 -5 -14
right_child=1 4 8 5 10 -7 -8 -9 9 -11 -12 -13 13 -15
leaf_value=-0.5149719058376987 -0.018314636614578206 0.58116643968969584 0.18956680901394726 -1.1991337904706598 1.9185498547554016 -0.7376581061631442 0.57949944503533724 1.4095953732728959 0.95831700749695303 0.34051294756324396 1.1558738119461958 -0.12743994019419691 -1.8801256397792274 -1.317741124253524
leaf_weight=41 432 15.999999999999998 323 15.999999999999998 14.999999999999998 15.999999999999998 39 28 15.999999999999998 115 17 638 35 19
leaf_count=41 432 16 323 16 15 16 39 28 16 115 17 638 35 19
internal_value=0.00107469 0.0883721 0.0164344 -1.12554 1.0417 -1.41663 0.859853 1.10835 0.254895 0.41597 1.51338 -0.0847441 -1.57182 -1.68225
internal_weight=1766 1639 1524 127 115 86 83 44 454 131 32 1070 70 54
internal_count=1766 1639 1524 127 115 86 83 44 454 131 32 1070 70 54
cat_boundaries=0 1
cat_threshold=3
is_linear=0
shrinkage=0.05


Tree=9
num_leaves=15
num_cat=0
split_feature=26 6 16 41 6 18 45 26 1 40 40 44 5 47
split_gain=62696.4 38322.9 11080.7 5517.73 5179.84 2091 2041.27 2144.71 1931.83 1611.57 1371.63 1645.16 1241.58 1049.88
threshold=-5.2499999999999991 23.250000000000004 6.2083333333333348 30.500000000000004 -31.249999999999996 6.1838770588770595 11.500000000000002 37.437500000000007 1.0000000180025095e-35 11.500000000000002 21.500000000000004 1.0000000180025095e-35 6.5000000000000009 1.905
decision_type=2 2 2 10 2 2 2 2 2 10 10 2 2 10
left_child=4 2 -2 6 8 13 7 -3 9 -1 -4 -12 -5 -6
right_child=1 3 10 12 5 -7 -8 -9 -10 -11 11 -13 -14 -15
leaf_value=-1.7565707914290891 -0.083232929509761036 0.69969293862581261 0.19185914638646362 1.6647883892059328 -0.25968815849015586 -1.1272990962733394 0.43642775340770623 1.3681345188617708 -0.88958477099736533 -1.1617642998695374 0.89261871129274373 0.23240722239665362 1.0488571369647981 -0.77264854723498944
leaf_weight=31 1056 60 379 18 19 23 57 14.999999999999998 14.999999999999998 18 15.999999999999998 23 14.999999999999998 21
leaf_count=31 1056 60 379 18 19 23 57 15 15 18 16 23 15 21
internal_value=0.000979692 0.083909 0.00301758 0.80654 -1.06927 -0.747422 0.66197 0.833381 -1.38608 -1.53807 0.220914 0.503263 1.38482 -0.528992
internal_weight=1766 1639 1474 165 127 63 132 75 64 49 418 39 33 40
internal_count=1766 1639 1474 165 127 63 132 75 64 49 418 39 33 40
is_linear=0
shrinkage=0.05


Tree=10
num_leaves=15
num_cat=0
split_feature=26 26 16 43 41 16 8 43 46 8 43 17 8 43
split_gain=51041.2 37639.7 11387.6 6382.35 4835.28 2222.39 2183.85 1890.16 1413.97 1199.89 1189.87 1253.67 1129.29 2815.34
threshold=-5.2499999999999991 24.562500000000004 8.9166666666666696 5.5000000000000009 30.500000000000004 2.916666666666667 6.506756756756757 12.500000000000002 2.5000000000000004 6.0986111111111123 12.500000000000002 19.583333333333339 6.006756756756757 22.500000000000004
decision_type=2 2 2 2 10 2 2 2 2 2 2 2 2 2
left_child=3 2 5 9 12 -2 -6 8 -5 -1 -4 -12 -3 -14
right_child=1 4 10 7 6 -7 -8 -9 -10 -11 11 -13 13 -15
leaf_value=-0.76369553618133068 -0.11098441230571313 1.0422865006327631 0.14365698964736326 -1.6255849841662817 1.7876358045472038 0.040343848986784676 1.0087746997674307 -0.9094856969779358 -1.058196571096778 -0.24617004931373923 0.78043026328086862 0.30562523277893078 0.14876189204779539 0.8340915737316964
leaf_weight=24 829 20 123 35 18 343 18 24 15.999999999999998 21 14.999999999999998 190 22 47
leaf_count=24 829 20 123 35 18 343 18 24 16 21 15 190 22 47
internal_value=0.00216651 0.0756511 0.00618461 -0.992938 0.909249 -0.0666964 1.39821 -1.27539 -1.44758 -0.522184 0.266601 0.340367 0.71147 0.615581
internal_weight=1745 1625 1500 120 125 1172 36 75 51 45 328 205 89 69
internal_count=1745 1625 1500 120 125 1172 36 75 51 45 328 205 89 69
is_linear=0
shrinkage=0.05


Tree=11
num_leaves=15
num_cat=0
split_feature=26 26 26 43 43 27 43 27 6 26 46 17 43 35
split_gain=46064.6 33969.8 10297.2 5760.07 3904.42 2345.24 1705.87 1668.95 1512.35 1436.38 1276.1 1211.32 1165.09 1030.02
threshold=-5.2499999999999991 24.562500000000004 7.4583333333333348 5.5000000000000009 27.500000000000004 32.291666666666679 12.500000000000002 17.775000000000002 4.7500000000000009 13.375000000000002 2.5000000000000004 30.833333333333339 12.500000000000002 1.0000000180025095e-35
decision_type=2 2 2 2 2 2 2 2 2 2 2 2 2 2
left_child=3 2 8 13 -3 11 10 12 -2 -9 -5 -6 -4 -1
right_child=1 4 7 6 5 -7 -8 9 -10 -11 -12 -13 -14 -15
leaf_value=-0.66522411567469442 -0.096768933260984139 0.61204092028024404 0.27903820097446447 -1.5443057475771225 1.1574858633677161 0.82640343996194687 -0.86401139770944924 0.08537617688377698 0.064515295377824203 0.28777775106525777 -1.0052867304533721 1.7929183232784274 0.83352404149870074 -0.15777514681220056
leaf_weight=30 938 69 20 35 15.000000000000002 26 24 165 172 187 15.999999999999998 14.999999999999998 18 14.999999999999998
leaf_count=30 938 69 20 35 15 26 24 165 172 187 16 15 18 15
internal_value=0.00205819 0.0718686 0.00587538 -0.943291 0.863787 1.17397 -1.21162 0.226886 -0.0717771 0.192902 -1.3752 1.4752 0.541689 -0.496074
internal_weight=1745 1625 1500 120 125 56 75 390 1110 352 51 30 38 45
internal_count=1745 1625 1500 120 125 56 75 390 1110 352 51 30 38 45
is_linear=0
shrinkage=0.05


Tree=12
num_leaves=15
num_cat=0
split_feature=26 43 41 43 16 27 26 27 3 43 43 24 46 26
split_gain=41573.3 30899.3 8476.72 5198.47 4807.29 3359.96 2701.03 1892.33 1848.61 1539.55 1338.02 1247.43 1151.68 1113.88
threshold=-5.2499999999999991 15.500000000000002 30.500000000000004 5.5000000000000009 4.791666666666667 32.083333333333336 24.562500000000004 20.633333333333336 7.006756756756757 12.500000000000002 23.500000000000004 10.775000000000002 2.5000000000000004 11.29166666666667
decision_type=2 2 10 2 2 2 2 2 2 2 2 2 2 2
left_child=3 4 6 -1 -2 -4 7 -3 -8 12 -10 -12 -5 -6
right_child=1 2 5 9 13 -7 8 -9 10 -11 11 -13 -14 -15
leaf_value=-0.47127073662148589 -0.085588166734777704 0.81971866505987512 1.670630017464811 -1.4670904568263463 0.057050089462158775 0.70016264557838448 1.1942264556884765 0.25635206987542553 0.21271959973706142 -0.82081082984805109 0.96578239339093364 0.42349534524898785 -0.95502238981425769 0.22925312372596088
leaf_weight=45 967 17 22 35 260 14.999999999999998 14.999999999999998 121 18 24 24 19 15.999999999999998 147
leaf_count=45 967 17 22 35 260 15 15 121 18 24 24 19 16 147
internal_value=0.00195528 0.0682752 0.578397 -0.896126 -0.024913 1.2772 0.457576 0.325752 0.696941 -1.15104 0.574658 0.726167 -1.30644 0.119246
internal_weight=1745 1625 251 120 1374 37 214 138 76 75 61 43 51 407
internal_count=1745 1625 251 120 1374 37 214 138 76 75 61 43 51 407
is_linear=0
shrinkage=0.05


Tree=13
num_leaves=15
num_cat=0
split_feature=26 43 41 43 16 27 26 27 3 43 26 43 33 8
split_gain=37519.9 27886.6 7650.24 4691.62 4372.71 3032.36 2437.68 1712.8 1668.37 1389.44 1298.26 1211.27 1082.3 1053.17
threshold=-5.2499999999999991 15.500000000000002 30.500000000000004 5.5000000000000009 3.0833333333333335 32.083333333333336 24.562500000000004 19.366666666666667 7.006756756756757 12.500000000000002 11.29166666666667 22.500000000000004 29.500000000000004 6.0986111111111123
decision_type=2 2 10 2 2 2 2 2 2 2 2 2 8 2
left_child=3 4 6 13 -2 -4 7 -3 -8 -5 -6 -10 -12 -1
right_child=1 2 5 9 10 -7 8 -9 11 -11 12 -13 -14 -15
leaf_value=-0.67397193036352598 -0.092197273299313598 0.81388337612152106 1.5870985049077058 -1.2411195668519712 0.041664581935719355 0.66515451808770498 1.1345151360829673 0.24795021197826761 0.15574989954630536 -0.77977028489112854 0.30074163550928795 0.67315621857085961 -0.0041039015352725989 -0.18911892227118923
leaf_weight=24 864 14.999999999999998 22 51 363 14.999999999999998 14.999999999999998 123 14.999999999999998 24 107 46 40 21
leaf_count=24 864 15 22 51 363 15 15 123 15 24 107 46 40 21
internal_value=0.00185751 0.0648614 0.549477 -0.85132 -0.0236674 1.21334 0.434698 0.309465 0.662094 -1.09349 0.0924303 0.545925 0.21779 -0.447707
internal_weight=1745 1625 251 120 1374 37 214 138 76 75 510 61 147 45
internal_count=1745 1625 251 120 1374 37 214 138 76 75 510 61 147 45
is_linear=0
shrinkage=0.05


Tree=14
num_leaves=15
num_cat=0
split_feature=26 43 41 43 16 27 26 27 3 26 26 5 33 8
split_gain=33861.8 25167.7 6904.34 4234.18 3963.74 2736.71 2200 1552.2 1505.71 1258.36 1255.66 1116.71 976.772 950.485
threshold=-5.2499999999999991 15.500000000000002 30.500000000000004 5.5000000000000009 2.916666666666667 32.083333333333336 24.562500000000004 20.633333333333336 7.006756756756757 -25.208333333333332 11.29166666666667 2.5000000000000004 29.500000000000004 6.0986111111111123
decision_type=2 2 10 2 2 2 2 2 2 2 2 2 8 2
left_child=3 4 6 13 -2 -4 7 -3 -8 -5 -6 -10 -12 -1
right_child=1 2 5 9 10 -7 8 -9 11 -11 12 -13 -14 -15
leaf_value=-0.64027335103601224 -0.091550981142122345 0.74136759200516877 1.5077435891736639 -1.1750219158255137 0.036012933324323967 0.63189678785701597 1.0777893702189127 0.23113695635221718 0.1598540708422661 -0.7308637319699578 0.28570455261375582 0.64619328058428238 -0.0038987080007791518 -0.17966297801051823
leaf_weight=24 827 17 22 52 400 14.999999999999998 14.999999999999998 121 15.999999999999998 23 107 45 40 21
leaf_count=24 827 17 22 52 400 15 15 121 16 23 107 45 40 21
internal_value=0.00176464 0.0616183 0.522003 -0.808754 -0.022484 1.15267 0.412963 0.293991 0.62899 -1.03881 0.0819371 0.518629 0.206901 -0.425322
internal_weight=1745 1625 251 120 1374 37 214 138 76 75 547 61 147 45
internal_count=1745 1625 251 120 1374 37 214 138 76 75 547 61 147 45
is_linear=0
shrinkage=0.05


Tree=15
num_leaves=15
num_cat=1
split_feature=16 43 43 43 36 6 4 0 27 6 3 43 44 36
split_gain=32227.9 19827.3 7120.36 3408.84 2254.98 1787.4 1872.21 1698.89 1093.28 970.669 902.221 936.936 1350.13 1928.72
threshold=-4.8749999999999991 23.500000000000004 9.5000000000000018 4.5000000000000009 74.500000000000014 50.250000000000007 17.500000000000004 0 35.225000000000009 2.7500000000000004 7.4354166666666677 15.500000000000002 1.5000000000000002 48.500000000000007
decision_type=2 2 2 2 2 2 2 1 2 2 2 2 2 2
left_child=3 2 9 -1 8 -3 -7 10 -5 -2 11 -4 13 -13
right_child=1 5 7 4 -6 6 -8 -9 -10 -11 -12 12 -14 -15
leaf_value=-0.44166715211338464 -0.10142146316249222 0.57569775471269202 0.16495142312560349 -0.99191721004057443 -0.43508930829664072 1.3706140478452049 0.627269034087658 -0.015850199967511556 -1.4598160308950088 0.011320317130565291 -0.15188625419841095 0.80076163068965645 0.12351570346829843 0.28156803568016808
leaf_weight=45 778 67 256 47 14.999999999999998 18 15.999999999999998 124 17 253 17 27 49 53
leaf_count=45 778 67 256 47 15 18 16 124 17 253 17 27 49 53
internal_value=-0.0114947 0.0466555 0.00261763 -0.789019 -0.986877 0.725536 1.0208 0.152315 -1.1162 -0.0737554 0.199615 0.220321 0.330201 0.456796
internal_weight=1782 1658 1557 124 79 101 34 526 64 1031 402 385 129 80
internal_count=1782 1658 1557 124 79 101 34 526 64 1031 402 385 129 80
cat_boundaries=0 1
cat_threshold=3
is_linear=0
shrinkage=0.05


Tree=16
num_leaves=15
num_cat=1
split_feature=16 43 43 26 46 6 4 0 43 36 6 6 3 43
split_gain=29085.4 17894.4 6425.22 3155.71 1864.31 1613.13 1689.67 1534.26 1376.67 1195.29 877.759 876.029 814.254 845.585
threshold=-4.8749999999999991 23.500000000000004 9.5000000000000018 -32.666666666666664 2.5000000000000004 50.250000000000007 17.500000000000004 0 4.5000000000000009 49.500000000000007 -48.749999999999993 2.7500000000000004 7.4354166666666677 15.500000000000002
decision_type=2 2 2 2 2 2 2 1 2 2 2 2 2 2
left_child=3 2 11 4 10 -3 -7 12 9 -5 -1 -2 13 -4
right_child=1 5 7 8 -6 6 -8 -9 -10 -11 -12 -13 -14 -15
leaf_value=-1.4550398650922274 -0.096350389426025862 0.54691286642215597 0.15670384993354675 0.0048860870739992936 -0.59605853905280426 1.3020833492279054 0.59590557552874091 -0.015116833136486475 -0.74849662063643341 -0.5880347055547378 -0.98600934776699267 0.010754301892262202 -0.14429194646723129 0.31369102689358153
leaf_weight=19 778 67 256 17 18 18 15.999999999999998 124 32 17 21 253 17 129
leaf_count=19 778 67 256 17 18 18 16 124 32 17 21 253 17 129
internal_value=-0.0109244 0.0443179 0.00248166 -0.749568 -1.01864 0.689259 0.969764 0.144684 -0.513112 -0.291574 -1.2088 -0.0700677 0.189634 0.209305
internal_weight=1782 1658 1557 124 58 101 34 526 66 34 40 1031 402 385
internal_count=1782 1658 1557 124 58 101 34 526 66 34 40 1031 402 385
cat_boundaries=0 1
cat_threshold=3
is_linear=0
shrinkage=0.05


Tree=17
num_leaves=15
num_cat=2
split_feature=0 43 43 43 35 6 46 0 8 46 47 28 46 3
split_gain=25883.2 15875.8 5381.41 4062.71 1610.39 1455.85 1594.11 1385.59 1326.53 1267.1 763.114 2241.01 734.591 857.091
threshold=0 23.500000000000004 9.5000000000000018 3.5000000000000004 1.0000000180025095e-35 50.250000000000007 1.5000000000000002 1 6.2635233918128668 1.5000000000000002 1.8050000000000004 5.916964285714287 5.5000000000000009 7.2939814814814827
decision_type=1 2 2 2 2 2 2 1 2 2 8 2 2 2
left_child=3 2 -2 -1 8 -3 -7 10 9 -5 11 -4 13 -12
right_child=1 5 7 4 -6 6 -8 -9 -10 -11 12 -13 -14 -15
leaf_value=-0.36665576852858073 -0.059688840350614239 0.51956722380510023 0.81327536956352342 -1.1917942333221436 -0.50460201878296707 0.61707623949960666 1.3065961082776389 -0.014417395379338692 -1.3034654369721048 -0.59583108113570649 0.2059297712195233 0.20486851816565013 -0.036916059359478268 -0.17602711506187918
leaf_weight=60 1013 67 17 14.999999999999998 19 19 14.999999999999998 124 26 22 179 138 52 15.999999999999998
leaf_count=60 1013 67 17 15 19 19 15 124 26 22 179 138 52 16
internal_value=-0.0103824 0.0472488 0.00768432 -0.634619 -0.908082 0.654796 0.921276 0.137435 -1.02977 -0.837438 0.180153 0.271597 0.130062 0.17459
internal_weight=1782 1640 1539 142 82 101 34 526 63 37 402 155 247 195
internal_count=1782 1640 1539 142 82 101 34 526 63 37 402 155 247 195
cat_boundaries=0 1 2
cat_threshold=8 3
is_linear=0
shrinkage=0.05


Tree=18
num_leaves=15
num_cat=1
split_feature=16 43 43 43 36 4 37 8 0 46 3 6 36 45
split_gain=23710.3 14574.5 5230.03 2501.25 1818.06 1321.13 1282.28 1927.21 1251.33 978.451 944.561 782.838 771.901 725.923
threshold=-4.8749999999999991 23.500000000000004 9.5000000000000018 4.5000000000000009 74.500000000000014 7.5000000000000009 3.5000000000000004 6.3150375939849637 0 2.5000000000000004 7.885135135135136 2.7500000000000004 47.000000000000007 68.500000000000014
decision_type=2 2 2 2 2 2 2 2 1 2 2 2 2 2
left_child=3 2 11 12 9 -3 10 -8 13 -5 -7 -2 -1 -4
right_child=1 5 8 4 -6 6 7 -9 -10 -11 -12 -13 -14 -15
leaf_value=-0.18552674324406934 -0.08804665448809651 0.26910219806290808 0.19865591612587422 -1.0990053901838701 -0.35080438494682314 0.67067937930425015 0.89568335725502546 0.2598289833762325 -0.013750323341853582 -0.68262945044608347 1.2150441448478138 0.013201029840930412 -0.6006162541253226 -0.018737714195645652
leaf_weight=24 778 21 359 43 14.999999999999998 14.999999999999998 22 26 124 21 17 253 21 43
leaf_count=24 778 21 359 43 15 15 22 26 124 21 17 253 21 43
internal_value=-0.00986737 0.0400099 0.00225355 -0.676775 -0.84626 0.622056 0.714707 0.551262 0.13055 -0.962382 0.959873 -0.0632012 -0.379235 0.171145
internal_weight=1782 1658 1557 124 79 101 80 48 526 64 32 1031 45 402
internal_count=1782 1658 1557 124 79 101 80 48 526 64 32 1031 45 402
cat_boundaries=0 1
cat_threshold=3
is_linear=0
shrinkage=0.05


Tree=19
num_leaves=15
num_cat=1
split_feature=0 43 26 43 35 6 4 13 17 45 40 8 27 45
split_gain=21242.4 12921.9 4577.59 3304.34 1358.46 1244.5 1471.52 1171.62 1448.9 901.43 1020.26 1036.19 754.767 726.297
threshold=0 23.500000000000004 6.4375000000000009 3.5000000000000004 1.0000000180025095e-35 50.250000000000007 17.500000000000004 5.049350649350651 33.833333333333336 68.500000000000014 18.500000000000004 6.0175492610837447 16.900000000000002 19.500000000000004
decision_type=1 2 2 2 2 2 2 2 2 2 10 2 2 2
left_child=3 2 -2 13 7 -3 -7 8 -5 10 12 -12 -4 -1
right_child=1 5 9 4 -6 6 -8 -9 -10 -11 11 -13 -14 -15
leaf_value=-0.23297090984053082 -0.050215074059491473 0.46592504561447834 0.39436602097749712 -0.53685543572902683 -0.4511137171795494 1.1474585165580116 0.4884412013925612 -1.2178080893729044 -1.1584440644582112 -0.049654934241583473 0.56057357529799146 0.15154908472904938 0.10935817381506219 -0.63471623718738557
leaf_weight=45 1067 67 25 25 19 18 15.999999999999998 23 14.999999999999998 57 30 32 328 14.999999999999998
leaf_count=45 1067 67 25 25 19 18 16 23 15 57 30 32 328 15
internal_value=-0.00937786 0.0428314 0.00713814 -0.57489 -0.821693 0.590953 0.837333 -0.933454 -0.769951 0.13679 0.162399 0.349464 0.129543 -0.333407
internal_weight=1782 1640 1539 142 82 101 34 63 40 472 415 62 353 60
internal_count=1782 1640 1539 142 82 101 34 63 40 472 415 62 353 60
cat_boundaries=0 1
cat_threshold=8
is_linear=0
shrinkage=0.05


Tree=20
num_leaves=15
num_cat=0
split_feature=16 6 43 43 40 43 18 43 3 27 6 27 28 8
split_gain=21682.8 12933.8 4383.3 2872.4 2080.38 1620.33 1557.26 1846.33 1416.62 1170.74 1117.03 882.009 764.279 696.56
threshold=-4.8749999999999991 13.750000000000002 33.500000000000007 4.5000000000000009 13.500000000000002 10.500000000000002 6.2504537205081681 23.500000000000004 7.0784615384615392 17.775000000000002 -48.749999999999993 29.550000000000004 5.949306682900434 6.0986111111111123
decision_type=2 2 2 2 10 2 2 2 2 2 2 2 2 2
left_child=3 5 4 13 9 -2 7 8 -6 -3 -5 -12 -11 -1
right_child=1 2 -4 10 6 -7 -8 -9 -10 12 11 -13 -14 -15
leaf_value=-0.51088411057224636 -0.053332266007567311 0.54168458084265392 0.93036384748087997 -1.1612206898237529 0.49423304402059132 0.087926764168590313 0.18091684449769435 0.846455043181777 0.010291594266891481 0.29468803693850837 -0.8663828330907366 -0.4606782416502635 0.0055634895477851389 -0.12861254282973031
leaf_weight=26 1080 14.999999999999998 27 19 62 250 61 28 20 30 37 21 96 22
leaf_count=26 1080 15 27 19 62 250 61 28 20 30 37 21 96 22
internal_value=-0.0040794 0.0434917 0.319188 -0.639249 0.266298 -0.0267798 0.383538 0.4959 0.376199 0.124114 -0.828488 -0.71949 0.0744027 -0.335676
internal_weight=1794 1669 339 125 312 1330 171 110 82 141 77 58 126 48
internal_count=1794 1669 339 125 312 1330 171 110 82 141 77 58 126 48
is_linear=0
shrinkage=0.05


Tree=21
num_leaves=15
num_cat=0
split_feature=16 6 41 43 27 40 28 43 27 6 7 27 6 26
split_gain=19568.7 11672.8 4036.53 2592.34 2551.87 1648.95 1753.83 1462.35 1313.96 1137.92 1182.79 1052.21 1008.12 938.654
threshold=-4.8749999999999991 13.750000000000002 30.500000000000004 4.5000000000000009 32.291666666666679 13.500000000000002 6.1825070488721812 10.500000000000002 30.100000000000005 20.250000000000004 29.500000000000004 17.775000000000002 -48.749999999999993 29.232142857142861
decision_type=2 2 10 2 2 10 2 2 2 2 2 2 2 2
left_child=3 7 5 -1 -4 11 8 -2 9 -7 -11 -3 -5 -10
right_child=1 2 4 12 -6 6 -8 -9 13 10 -12 -13 -14 -15
leaf_value=-0.31889249384791279 -0.050665653156444293 0.51460034867127735 1.1595572829246521 -1.1031596497485514 0.3056802055239678 0.67416043158839734 0.16632634711937166 0.083530425829999144 0.49868757242248174 -0.12517794090158799 0.44890312426968626 0.071604591938075682 -0.68351530268274507 0.99846932958154122
leaf_weight=48 1080 14.999999999999998 21 19 14.999999999999998 17 71 250 21 17 19 126 58 17
leaf_count=48 1080 15 21 19 15 17 71 250 21 17 19 126 58 17
internal_value=-0.00387543 0.0413171 0.303229 -0.607286 0.803775 0.243758 0.352577 -0.0254408 0.497893 0.337016 0.177809 0.118732 -0.787064 0.722274
internal_weight=1794 1669 339 125 36 303 162 1330 91 53 36 141 77 38
internal_count=1794 1669 339 125 36 303 162 1330 91 53 36 141 77 38
is_linear=0
shrinkage=0.05


Tree=22
num_leaves=15
num_cat=2
split_feature=0 43 43 43 43 18 23 40 18 47 47 47 0 36
split_gain=17753.5 10438.5 3834.15 3750.95 1637.82 1204.73 2208.25 1124.31 1059.76 1182.51 764.534 638.61 620.497 868.084
threshold=0 22.500000000000004 10.500000000000002 3.5000000000000004 33.500000000000007 6.2504537205081681 7.0340112433862449 13.500000000000002 5.9478614929584772 1.8150000000000002 1.8450000000000004 1.8550000000000002 1 53.000000000000007
decision_type=1 2 2 2 2 2 2 10 2 8 10 8 1 2
left_child=3 2 12 -1 5 6 -3 -5 9 -4 -7 -11 13 -2
right_child=1 4 8 7 -6 10 -8 -9 -10 11 -12 -13 -14 -15
leaf_value=-0.27178403979310622 0.016330686439910241 0.26338878329033438 0.56802174982925258 -0.89073358575503025 0.84609074680893515 0.07483606527249019 0.991803084549151 -0.44939363755677875 0.097707427685794546 -0.06143145158886909 0.51202430367469798 0.30582696368500334 -0.05360973482733139 0.41504584923386578
leaf_weight=65 93 23 27 60 27 30 19 19 378 20 14.999999999999998 29 973 15.999999999999998
leaf_count=65 93 23 27 60 27 30 19 19 378 20 15 29 973 16
internal_value=-0.00368166 0.0440021 0.0100075 -0.517198 0.505896 0.400318 0.59291 -0.784589 0.131961 0.302328 0.220565 0.155926 -0.0411635 0.0685671
internal_weight=1794 1650 1536 144 114 87 42 79 454 76 45 49 1082 109
internal_count=1794 1650 1536 144 114 87 42 79 454 76 45 49 1082 109
cat_boundaries=0 1 2
cat_threshold=8 1
is_linear=0
shrinkage=0.05


Tree=23
num_leaves=15
num_cat=0
split_feature=16 6 41 27 43 40 28 16 27 13 13 27 6 27
split_gain=15931.9 9661.94 3335.26 2271.56 2084 1399.47 1570.84 1269.62 1163.79 1162.42 1103.07 950.484 880.815 751.126
threshold=-4.8749999999999991 13.750000000000002 30.500000000000004 32.291666666666679 4.5000000000000009 13.500000000000002 6.1825070488721812 2.5833333333333335 25.775000000000002 7.0340112433862449 6.7923781947219455 17.775000000000002 -48.749999999999993 29.550000000000004
decision_type=2 2 10 2 2 10 2 2 2 2 2 2 2 2
left_child=4 7 5 -4 -1 11 8 -2 -7 10 -10 -3 -6 -14
right_child=1 2 3 -5 12 6 -8 -9 9 -11 -12 -13 13 -15
leaf_value=-0.28939572732585173 -0.061631146677009786 0.4825592644015948 1.0662183000927878 0.26060216764609023 -1.0046264071213571 0.14260391918095677 0.14547610422465163 0.039068229432912577 0.63243225572570683 0.9191607955624076 0.16309852452859994 0.061521514514017675 -0.74792967519244635 -0.3735347451198669
leaf_weight=48 826 14.999999999999998 21 14.999999999999998 19 22 71 504 31 17 21 126 37 21
leaf_count=48 826 15 21 15 19 22 71 504 31 17 21 126 37 21
internal_value=-0.00351252 0.0372649 0.275552 0.730545 -0.547972 0.221493 0.321743 -0.0234714 0.459269 0.560235 0.442894 0.106313 -0.709163 -0.612373
internal_weight=1794 1669 339 36 125 303 162 1330 91 69 52 141 77 58
internal_count=1794 1669 339 36 125 303 162 1330 91 69 52 141 77 58
is_linear=0
shrinkage=0.05


Tree=24
num_leaves=15
num_cat=1
split_feature=0 43 43 43 45 47 18 40 18 47 46 18 45 13
split_gain=14601.5 8671.57 3166.43 3065.15 1624.64 2283.49 2017.45 985.196 938.338 1044.21 946.839 718.228 651.701 568.976
threshold=0 22.500000000000004 10.500000000000002 4.5000000000000009 17.500000000000004 1.8450000000000004 6.2052598817304707 13.500000000000002 5.9478614929584772 1.8150000000000002 1.0000000180025095e-35 6.261335090636166 20.500000000000004 4.6419733251629802
decision_type=1 2 2 2 2 10 2 10 2 8 2 2 2 2
left_child=3 2 -2 12 5 6 -3 13 9 -4 -11 -6 -1 -5
right_child=1 4 8 7 11 -7 -8 -9 -10 10 -12 -13 -14 -15
leaf_value=-0.1656271529986578 -0.037580385496439633 0.78551168504514202 0.52973229912696063 -0.56010613441467283 0.38953656951586407 0.95320764338331565 0.12266074396862553 -0.40067495370381762 0.087517163001010742 0.43092320296499464 -0.024997270538381512 -0.047641984548638855 -0.54054429834087692 -0.90936621018620434
leaf_weight=51 1082 19 27 15.999999999999998 21 28 29 19 378 18 31 17 14.999999999999998 43
leaf_count=51 1082 19 27 16 21 28 29 19 378 18 31 17 15 43
internal_value=-0.00333689 0.0399073 0.00892187 -0.469042 0.460895 0.594364 0.385039 -0.713811 0.119749 0.280059 0.142484 0.193957 -0.250836 -0.814652
internal_weight=1794 1650 1536 144 114 76 48 78 454 76 49 38 66 59
internal_count=1794 1650 1536 144 114 76 48 78 454 76 49 38 66 59
cat_boundaries=0 1
cat_threshold=8
is_linear=0
shrinkage=0.05


Tree=25
num_leaves=15
num_cat=1
split_feature=16 4 3 26 2 0 36 40 13 27 13 28 47 27
split_gain=12751.4 9263.02 3476.85 1879.29 1722.37 1380.69 1102.52 1091.97 1031.65 1003.78 1202.26 878.562 841.031 828.81
threshold=-4.8749999999999991 4.5000000000000009 7.8468750000000007 -32.666666666666664 3.5000000000000004 0 58.000000000000007 13.500000000000002 6.7923781947219455 23.708333333333339 4.9926470588235299 6.0734156425332904 1.905 17.775000000000002
decision_type=2 2 2 2 2 1 2 10 2 2 2 2 10 2
left_child=3 5 7 -1 -4 6 -2 13 11 10 12 -9 -5 -3
right_child=1 2 4 9 -6 -7 -8 8 -10 -11 -12 -13 -14 -15
leaf_value=-0.70087091486562381 0.045837711689598631 0.47664593276878203 1.157791182026267 0.041974395116170238 0.41201603988806412 -0.032866675611771957 0.33009179442685666 0.78460668087005614 0.25420741464410507 -0.00010232015659934597 -0.71603196291696458 0.27839802583058676 -0.48750066598256431 0.080009659640146072
leaf_weight=55 132 14.999999999999998 16.000000000000004 15.000000000000002 14.999999999999998 1188 46 20 105 19 21 14.999999999999998 14.999999999999998 108
leaf_count=55 132 15 16 15 15 1188 46 20 105 19 21 15 15 108
internal_value=0.00484405 0.0415157 0.296107 -0.482155 0.796932 -0.0132793 0.112951 0.237075 0.332571 -0.310307 -0.425874 0.56766 -0.222763 0.12838
internal_weight=1785 1660 294 125 31 1366 178 263 140 70 51 35 30 123
internal_count=1785 1660 294 125 31 1366 178 263 140 70 51 35 30 123
cat_boundaries=0 1
cat_threshold=1
is_linear=0
shrinkage=0.05


Tree=26
num_leaves=15
num_cat=0
split_feature=16 16 3 18 26 6 47 44 3 16 26 47 38 17
split_gain=11507.7 8406.52 2821.84 2009.05 1916.86 1653.11 1305.67 773.126 1097.14 943.425 856.416 805.001 755.404 915.235
threshold=-4.8749999999999991 19.708333333333339 7.8468750000000007 6.3120450218489443 6.2750000000000012 -34.999999999999993 1.905 1.5000000000000002 7.5138888888888902 25.541666666666668 20.958333333333339 1.8650000000000004 35.500000000000007 16.583333333333339
decision_type=2 2 2 2 2 2 10 2 2 2 2 8 10 2
left_child=3 4 7 5 -2 -1 -7 8 9 10 -3 -9 13 -6
right_child=1 2 -4 -5 12 6 -8 11 -10 -11 -12 -13 -14 -15
leaf_value=-0.59441211388466209 -0.035870356000294035 0.4955622783173686 0.78788278669118883 -0.93151062413265839 0.36384385079145432 0.097324028870333812 -0.38495333260960052 0.0050857113843614408 -0.013787580529848735 0.59162958778622676 0.083792466211265751 0.38766091287136084 -0.052483246025318897 0.097997107530690547
leaf_weight=47 1091 23 30 19 37 23 36 44 18 41 28 20 69 259
leaf_count=47 1091 23 30 19 37 23 36 44 18 41 28 20 69 259
internal_value=0.00459264 0.03943 0.340031 -0.458048 -0.00268711 -0.373181 -0.196947 0.262815 0.343207 0.413054 0.269493 0.12464 0.096499 0.131228
internal_weight=1785 1660 204 125 1456 106 59 174 110 92 51 64 365 296
internal_count=1785 1660 204 125 1456 106 59 174 110 92 51 64 365 296
is_linear=0
shrinkage=0.05


Tree=27
num_leaves=15
num_cat=1
split_feature=16 4 3 18 2 6 0 47 43 8 40 46 33 45
split_gain=10385.7 7696.66 2800.97 1813.16 1542.17 1491.93 1187.1 1178.36 988.363 2086.75 918.714 743.084 636.229 551.905
threshold=-4.8749999999999991 4.5000000000000009 7.8468750000000007 6.3120450218489443 3.5000000000000004 -34.999999999999993 0 1.905 15.500000000000002 6.006756756756757 21.500000000000004 1.5000000000000002 26.500000000000004 7.5000000000000009
decision_type=2 2 2 2 2 2 1 10 2 2 10 2 10 2
left_child=3 6 8 5 -4 11 10 -7 -3 -10 12 -1 -2 -9
right_child=1 2 4 -5 -6 7 -8 13 9 -11 -12 -13 -14 -15
leaf_value=-0.80603867581016153 0.059901519788598472 0.09378607840470897 1.0605075091123579 -0.88493509606311194 0.35482230643431345 0.092457826565141274 -0.058941600432410993 -0.18052379096809187 0.75807175863356824 0.22382266709633858 0.38665124432494247 -0.40092022333826338 -0.042716563344001771 -0.57267365078715715
leaf_weight=19 440 101 16.000000000000004 19 14.999999999999998 23 678 19 21 141 18 28 230 17
leaf_count=19 440 101 16 19 15 23 678 19 21 141 18 28 230 17
internal_value=0.00436301 0.0374585 0.269528 -0.435145 0.719047 -0.354522 -0.0124892 -0.1871 0.216543 0.293077 0.0336556 -0.564692 0.0246744 -0.365706
internal_weight=1785 1660 294 125 31 106 1366 59 263 162 688 47 670 36
internal_count=1785 1660 294 125 31 106 1366 59 263 162 688 47 670 36
cat_boundaries=0 1
cat_threshold=3
is_linear=0
shrinkage=0.05


Tree=28
num_leaves=15
num_cat=1
split_feature=16 4 3 18 2 6 0 37 47 43 8 25 46 17
split_gain=9372.31 6947.36 2527.88 1641.43 1391.81 1315.9 1106.26 1072.22 1041.85 891.997 1883.29 753.617 709.333 617.11
threshold=-4.8749999999999991 4.5000000000000009 7.8468750000000007 6.3048477293216161 3.5000000000000004 -34.999999999999993 0 7.5000000000000009 1.905 15.500000000000002 6.006756756756757 0.81666666666666676 1.5000000000000002 23.833333333333339
decision_type=2 2 2 2 2 2 1 2 10 2 2 2 2 2
left_child=3 6 9 5 -4 12 7 -2 -7 -3 -11 -8 -1 -9
right_child=1 2 4 -5 -6 8 11 13 -10 10 -12 -13 -14 -15
leaf_value=-0.7657367442783557 0.3311064232049919 0.089096776893970997 1.0074821054935454 -0.81659964152744835 0.33708119412263238 0.087834935278996176 -0.067527388764593077 0.099429166094901475 -0.34536630213260655 0.72016817671912059 0.21263153146612229 0.012220971495390323 -0.36697322803514976 -0.14873429193641202
leaf_weight=19 41 101 16.000000000000004 21 14.999999999999998 23 624 104 35 21 141 564 27 33
leaf_count=19 41 101 16 21 15 23 624 104 35 21 141 564 27 33
internal_value=0.00412835 0.0355678 0.256052 -0.413388 0.683095 -0.33197 -0.0118863 0.101105 -0.17358 0.205716 0.278423 -0.0294194 -0.53168 0.0396526
internal_weight=1785 1660 294 125 31 104 1366 178 58 263 162 1188 46 137
internal_count=1785 1660 294 125 31 104 1366 178 58 263 162 1188 46 137
cat_boundaries=0 1
cat_threshold=1
is_linear=0
shrinkage=0.05


Tree=29
num_leaves=15
num_cat=0
split_feature=16 26 3 35 26 2 47 27 27 45 47 47 17 24
split_gain=8458.51 6270.32 2584.92 1529.79 1552.53 1256.11 988.11 778.776 1208.12 1099.36 1038.53 863.253 850.803 919.151
threshold=-4.8749999999999991 11.29166666666667 7.8468750000000007 1.0000000180025095e-35 -32.666666666666664 3.5000000000000004 1.905 19.083333333333339 25.775000000000002 68.500000000000014 1.8750000000000002 1.8150000000000002 27.833333333333339 7.9000000000000012
decision_type=2 2 2 2 2 2 10 2 2 2 10 8 2 2
left_child=3 -2 7 4 -1 -4 -6 -3 -9 10 11 12 -10 -14
right_child=1 2 5 -5 6 -7 -8 8 9 -11 -12 -13 13 -15
leaf_value=-0.70739077866077427 -0.019429320640958259 0.44165642747282985 0.9571080327033995 -0.10066109064853553 -0.062309643496637757 0.320227147936821 -0.52092865966260438 0.0019325247720668192 0.56797359660267832 -0.20036260758837066 0.46886344940924068 0.041137300688950794 0.089173677753088848 0.41556562987320567
leaf_weight=45 1277 25 16.000000000000004 33 23 14.999999999999998 24 95 20 14.999999999999998 41 63 59 34
leaf_count=45 1277 25 16 33 23 15 24 95 20 15 41 63 59 34
internal_value=0.00392193 0.0337894 0.211232 -0.392718 -0.497478 0.64894 -0.296498 0.172683 0.15212 0.213619 0.242235 0.189441 0.272123 0.2085
internal_weight=1785 1660 383 125 92 31 47 352 327 232 217 176 113 93
internal_count=1785 1660 383 125 92 31 47 352 327 232 217 176 113 93
is_linear=0
shrinkage=0.05


Tree=30
num_leaves=15
num_cat=1
split_feature=6 6 40 45 40 28 43 3 5 0 36 36 3 47
split_gain=6489.62 4528.48 2231.17 1769.39 2478.94 1436.84 1644.48 1388.47 1114.71 929.038 724.219 955.03 759.704 638.129
threshold=13.250000000000002 -13.749999999999998 13.500000000000002 17.500000000000004 31.500000000000004 6.1857416627153476 25.500000000000004 7.0408333333333344 4.5000000000000009 0 71.000000000000014 36.500000000000007 5.0606617647058831 1.7450000000000003
decision_type=2 2 10 2 10 2 2 2 2 1 2 2 2 10
left_child=1 10 13 4 5 6 -4 -5 -9 -3 11 -1 -13 -2
right_child=2 9 3 7 -6 -7 -8 8 -10 -11 -12 12 -14 -15
leaf_value=-0.1502290265634656 0.28802064517917841 0.020437372045714129 0.35030062781138854 0.39248286868844717 1.0268726340929668 0.13387207193101974 0.956532181898753 -0.26996820282477602 0.22654116936028004 -0.0626896058620941 -0.067743352651596075 -0.67581902398512916 -0.28311885647061796 0.0003265392795858608
leaf_weight=20 23 643 44 28 14.999999999999998 47 14.999999999999998 26 20 689 14.999999999999998 39 18 119
leaf_count=20 23 643 44 28 15 47 15 26 20 689 15 39 18 119
internal_value=0.000381913 -0.046312 0.197688 0.307474 0.425259 0.340125 0.504427 0.114881 -0.0540946 -0.0228787 -0.385585 -0.447502 -0.551808 0.0469249
internal_weight=1761 1424 337 195 121 106 59 74 46 1332 92 77 57 142
internal_count=1761 1424 337 195 121 106 59 74 46 1332 92 77 57 142
cat_boundaries=0 1
cat_threshold=3
is_linear=0
shrinkage=0.05


Tree=31
num_leaves=15
num_cat=0
split_feature=6 6 43 45 27 23 45 8 36 38 16 18 43 47
split_gain=5904.01 3883.04 2285.08 1827.6 1850.25 1813.63 1690.62 884.214 1090.62 795.578 761.344 760.934 874.184 548.749
threshold=9.2500000000000018 -34.999999999999993 22.500000000000004 17.500000000000004 33.583333333333336 7.7042728041300732 28.500000000000004 6.1056618819776727 41.500000000000007 39.500000000000007 -0.20833333333333329 5.9918614745366705 15.500000000000002 1.9350000000000003
decision_type=2 2 2 2 2 2 2 2 2 8 2 2 2 10
left_child=1 7 9 4 5 -4 -5 -1 -9 -2 13 12 -11 -3
right_child=2 10 3 6 -6 -7 -8 8 -10 11 -12 -13 -14 -15
leaf_value=-0.78928909637033939 -0.1926091378149779 -0.070619208903028793 0.47332819141447546 -0.33695430795351666 0.18872175003801073 1.1546519724527995 0.32962709390200101 -0.069361592115213477 -0.62780601242009337 0.15429389907539579 -0.00571033020351399 0.057579015731419526 0.52865265905857084 -0.27360776534510983
leaf_weight=15.999999999999998 23 443 28 14.999999999999998 28 14.999999999999998 26 18 17 87 776 214 19 36
leaf_count=16 23 443 28 15 28 15 26 18 17 87 776 214 19 36
internal_value=0.000350821 -0.053687 0.155457 0.351546 0.505031 0.710999 0.0857558 -0.481369 -0.340606 0.0914282 -0.0363071 0.111843 0.221396 -0.0858751
internal_weight=1761 1306 455 112 71 43 41 51 35 343 1255 320 106 479
internal_count=1761 1306 455 112 71 43 41 51 35 343 1255 320 106 479
is_linear=0
shrinkage=0.05


Tree=32
num_leaves=15
num_cat=0
split_feature=6 6 43 45 27 23 45 35 6 18 1 3 16 2
split_gain=5328.37 3530.33 2062.28 1649.41 1669.85 1636.8 1525.79 1048.19 702.48 883.635 688.019 717.284 680.993 534.587
threshold=9.2500000000000018 -13.749999999999998 22.500000000000004 17.500000000000004 33.583333333333336 7.7042728041300732 28.500000000000004 1.0000000180025095e-35 -31.249999999999996 6.2810132575757587 1.0000000180025095e-35 6.9202037351443133 21.416666666666668 1.5000000000000002
decision_type=2 2 2 2 2 2 2 2 2 2 2 2 2 2
left_child=1 7 10 4 5 -4 -5 8 9 -1 13 12 -12 -2
right_child=2 -3 3 6 -6 -7 -8 -9 -10 -11 11 -13 -14 -15
leaf_value=-0.70347471090499314 -0.019161392888054254 -0.028372331449813389 0.44966179137783391 -0.3201065977911155 0.17928566824245667 1.096919400691986 0.31314574376178478 -0.048578623226124121 -0.2178148478269577 -0.23838714693983395 -0.029528320658038249 -0.25137558317958164 0.34266437012702228 0.16664879301004112
leaf_weight=32 48 1214 28 14.999999999999998 28 14.999999999999998 26 22 23 14.999999999999998 53 26 15.999999999999998 200
leaf_count=32 48 1214 28 15 28 15 26 22 23 15 53 26 16 200
internal_value=0.00033328 -0.0510027 0.147684 0.333969 0.479779 0.675449 0.0814681 -0.349625 -0.444239 -0.555043 0.0868568 -0.0275593 0.0567772 0.130686
internal_weight=1761 1306 455 112 71 43 41 92 70 47 343 95 69 248
internal_count=1761 1306 455 112 71 43 41 92 70 47 343 95 69 248
is_linear=0
shrinkage=0.05


Tree=33
num_leaves=15
num_cat=1
split_feature=6 6 40 45 40 28 8 33 43 38 0 6 45 47
split_gain=4823.21 3359.15 1761.33 1336.94 1934.71 1333.53 1616.7 1329.46 971.235 877.651 795.116 777.823 654.858 815.869
threshold=13.250000000000002 -13.749999999999998 13.500000000000002 17.500000000000004 31.500000000000004 6.1857416627153476 6.0775240384615392 25.500000000000004 24.500000000000004 40.500000000000007 0 -48.749999999999993 16.500000000000004 1.925
decision_type=2 2 10 2 10 2 2 10 2 10 1 2 2 10
left_child=1 9 -2 4 5 6 -4 -5 -8 11 -3 -1 13 -13
right_child=2 10 3 7 -6 -7 8 -9 -10 -11 -12 12 -14 -15
leaf_value=-0.69885400253183705 0.036462689516410025 0.020284519915912548 0.12596768179665441 0.46112317246826073 0.90182968934377039 0.09643299067591099 0.43033511121757329 -0.024015763334252621 0.95298212096095092 0.017750755349795026 -0.056596108463703415 0.034884070722680342 -0.56803841641586694 -0.40787152673887173
leaf_weight=17 142 643 23 19 14.999999999999998 47 20 55 15.999999999999998 14.999999999999998 689 19 18 23
leaf_count=17 142 643 23 19 15 47 20 55 16 15 689 19 18 23
internal_value=0.000316615 -0.0399383 0.170414 0.267959 0.370343 0.295132 0.453418 0.100547 0.662623 -0.332143 -0.0197559 -0.400305 -0.315716 -0.207577
internal_weight=1761 1424 337 195 121 106 59 74 36 92 1332 77 60 42
internal_count=1761 1424 337 195 121 106 59 74 36 92 1332 77 60 42
cat_boundaries=0 1
cat_threshold=3
is_linear=0
shrinkage=0.05


Tree=34
num_leaves=15
num_cat=1
split_feature=6 6 43 45 5 40 45 24 0 38 18 43 15 7
split_gain=4384.45 2872.95 1663.88 1344.07 1452.88 1499.5 1378.52 1269.76 704.254 676.77 698.136 752.549 541.166 527.054
threshold=9.2500000000000018 -34.999999999999993 22.500000000000004 17.500000000000004 7.5000000000000009 30.500000000000004 28.500000000000004 9.4166666666666696 0 39.500000000000007 5.9918614745366705 15.500000000000002 0.83333333333333337 34.500000000000007
decision_type=2 2 2 2 2 10 2 2 1 8 2 2 2 2
left_child=1 13 9 4 5 7 -5 -4 -3 -2 11 -11 -10 -1
right_child=2 8 3 6 -6 -7 -8 -9 12 10 -12 -13 -14 -15
leaf_value=-0.59149949862216811 -0.18265475041192514 0.011248820173815954 0.63436307591264673 -0.3083566501239936 0.029791025203817031 0.98465800126393632 0.29355922968914877 0.054347232636064294 -0.093161773659903524 0.14082210247201482 0.046169394305167359 0.4881613753343883 0.003221338806059031 -0.26847177413957463
leaf_weight=23 23 552 23 14.999999999999998 17 14.999999999999998 26 15.999999999999998 497 87 214 19 206 28
leaf_count=23 23 552 23 15 17 15 26 16 497 87 214 19 206 28
internal_value=0.000290476 -0.0462769 0.133954 0.30128 0.432905 0.559811 0.0733461 0.396408 -0.0313275 0.0793171 0.0981464 0.203081 -0.0640081 -0.414151
internal_weight=1761 1306 455 112 71 54 41 39 1255 343 320 106 703 51
internal_count=1761 1306 455 112 71 54 41 39 1255 343 320 106 703 51
cat_boundaries=0 1
cat_threshold=3
is_linear=0
shrinkage=0.05


Tree=35
num_leaves=15
num_cat=2
split_feature=0 40 35 43 18 13 28 48 43 25 1 6 41 24
split_gain=5621.34 3410.3 1698.98 1393.1 1403.66 1418.99 1014.99 843.035 1231.11 819.464 731.173 1222.75 847.45 631.652
threshold=0 13.500000000000002 1.0000000180025095e-35 22.500000000000004 6.4488622656465404 7.7138554737238954 6.1188574748530824 1 9.5000000000000018 3.291666666666667 1.0000000180025095e-35 -31.249999999999996 10.500000000000002 9.4166666666666696
decision_type=1 10 2 2 2 2 2 9 2 2 2 2 10 2
left_child=2 7 10 6 5 13 9 -2 -9 -3 11 12 -1 -5
right_child=1 3 -4 4 -6 -7 -8 8 -10 -11 -12 -13 -14 -15
leaf_value=-0.75581718386993524 -0.074506613423575688 0.13438766199016125 -0.014140547232495415 0.45044311756889033 -0.07569909656749052 0.8453934059478343 -0.025942645831541586 -0.017126504659292968 0.11296047873076819 0.45766342456142112 -0.64794582700729375 -0.15063744893386252 -0.29495548950998407 0.12328878116607667
leaf_weight=21 349 107 36 36 17 15.999999999999998 88 732 242 24 25 42 19 25
leaf_count=21 349 107 36 36 17 16 88 732 242 24 25 42 19 25
internal_value=-0.00103474 0.0259234 -0.29092 0.174499 0.335506 0.426292 0.10539 -0.00903102 0.0150405 0.193614 -0.411231 -0.339062 -0.536908 0.316363
internal_weight=1779 1636 143 313 94 77 219 1323 974 131 107 82 40 61
internal_count=1779 1636 143 313 94 77 219 1323 974 131 107 82 40 61
cat_boundaries=0 1 4
cat_threshold=8 2165310209 2172649480 593922
is_linear=0
shrinkage=0.05


Tree=36
num_leaves=15
num_cat=1
split_feature=0 26 35 43 46 46 47 18 37 27 33 47 1 26
split_gain=5072.49 3101.88 1533.33 1080.53 1587.05 1006.92 975.926 814.188 796.031 957.906 810.837 669.674 659.884 1114.27
threshold=0 11.29166666666667 1.0000000180025095e-35 28.500000000000004 2.5000000000000004 1.0000000180025095e-35 1.8050000000000004 5.925859788359789 9.5000000000000018 20.775000000000002 25.500000000000004 1.8750000000000002 1.0000000180025095e-35 -32.666666666666664
decision_type=1 2 2 2 2 2 8 2 2 2 8 10 2 2
left_child=2 5 12 6 -5 -2 7 -3 11 -10 -11 -8 13 -1
right_child=1 3 -4 4 -6 -7 8 -9 9 10 -12 -13 -14 -15
leaf_value=-0.53045517040623558 0.061874041874713827 0.46964161143853111 -0.013433521075381172 0.57396656814962632 -0.049327541192372648 -0.039589486274555136 0.043450721330367606 0.16055092832420845 0.26597893746460188 0.046577071328446719 -0.30253107198155843 0.3147265624467816 -0.61554854011535642 -0.15905537566413053
leaf_weight=36 332 26 36 32 14.999999999999998 928 65 118 17 29 39 35 25 46
leaf_count=36 332 26 36 32 15 928 65 118 17 29 39 35 25 46
internal_value=-0.00100394 0.0246046 -0.276374 0.150788 0.375043 -0.0128547 0.118751 0.216359 0.0427751 -0.0697216 -0.153647 0.138397 -0.39067 -0.322109
internal_weight=1779 1636 143 376 47 1260 329 144 185 85 68 100 107 82
internal_count=1779 1636 143 376 47 1260 329 144 185 85 68 100 107 82
cat_boundaries=0 1
cat_threshold=8
is_linear=0
shrinkage=0.05


Tree=37
num_leaves=15
num_cat=1
split_feature=0 40 35 43 18 13 28 7 46 24 24 23 13 1
split_gain=4577.92 2838.27 1383.83 1161.26 1289.89 1211.96 918.86 772.985 695.377 668.368 890.645 642.9 628.701 595.545
threshold=0 13.500000000000002 1.0000000180025095e-35 22.500000000000004 6.4488622656465404 7.7138554737238954 6.1188574748530824 31.500000000000004 1.0000000180025095e-35 3.291666666666667 6.416666666666667 6.5163652768799842 6.785253750644217 1.0000000180025095e-35
decision_type=1 10 2 2 2 2 2 2 2 2 2 2 2 2
left_child=2 8 13 6 5 7 9 -5 -2 -3 11 -11 -13 -1
right_child=1 3 -4 4 -6 -7 -8 -9 -10 10 -12 12 -14 -15
leaf_value=-0.30600349617690398 0.05192405388344612 0.03601367184519768 -0.012761845936377844 0.51234862556060157 -0.08827070558772368 0.78026877697557218 -0.029139632954981856 0.14800255631876957 -0.030256636401629775 0.16061312336670727 0.046478805665312144 0.7374357004923856 0.30075423223897818 -0.58477109396457683
leaf_weight=82 350 50 36 24 17 15.999999999999998 88 37 973 19 29 17 15.999999999999998 25
leaf_count=82 350 50 36 24 17 16 88 37 973 19 29 17 16 25
internal_value=-0.000953746 0.0233744 -0.262555 0.158916 0.305917 0.392945 0.0958192 0.291352 -0.00851571 0.179761 0.268494 0.39231 0.525711 -0.371136
internal_weight=1779 1636 143 313 94 77 219 61 1323 131 81 52 33 107
internal_count=1779 1636 143 313 94 77 219 61 1323 131 81 52 33 107
cat_boundaries=0 1
cat_threshold=8
is_linear=0
shrinkage=0.05


Tree=38
num_leaves=15
num_cat=2
split_feature=0 40 35 24 2 37 33 17 14 37 24 48 16 16
split_gain=4131.58 2561.54 1248.91 1052.84 1129.27 1390.79 1333.23 1547.75 1317.73 1002.85 878.261 789.087 769.432 720.143
threshold=0 13.500000000000002 1.0000000180025095e-35 4.1000000000000005 2.5000000000000004 7.5000000000000009 30.500000000000004 33.583333333333336 8.5833333333333339 5.5000000000000009 9.4166666666666696 1 6.416666666666667 13.083333333333334
decision_type=1 10 2 2 2 2 10 2 2 2 2 9 2 2
left_child=2 11 -1 -3 5 8 7 10 -5 -9 -6 12 -2 -14
right_child=1 3 -4 4 6 -7 -8 9 -10 -11 -12 -13 13 -15
leaf_value=-0.35257930791823666 0.04012579896893257 0.024628744503759126 -0.012123755945099726 0.35042115113249533 0.17222433108836413 0.05257828205823898 -0.18360439715190577 0.24034478382931815 0.93491550922393807 0.78438648041337733 -0.25046449512243274 -0.019978642226246325 0.58379680832227077 0.10847888574661578
leaf_weight=107 78 108 36 27 68 20 26 18 14.999999999999998 15.999999999999998 14.999999999999998 1213 14.999999999999998 17
leaf_count=107 78 108 36 27 68 20 26 18 15 16 15 1213 15 17
internal_value=-0.000906059 0.0222057 -0.249428 0.15097 0.21753 0.395753 0.140258 0.212228 0.559169 0.496364 0.0958348 -0.00808993 0.114424 0.331284
internal_weight=1779 1636 143 313 205 62 143 117 42 34 83 1323 110 32
internal_count=1779 1636 143 313 205 62 143 117 42 34 83 1323 110 32
cat_boundaries=0 1 4
cat_threshold=8 524416 0 10544
is_linear=0
shrinkage=0.05


Tree=39
num_leaves=15
num_cat=1
split_feature=0 26 35 46 43 46 8 47 18 27 7 36 47 6
split_gain=3728.57 2354.88 1127.14 836.381 816.438 1352.38 933.132 865.288 718.934 690.881 1048.89 1123.21 1152.74 564.646
threshold=0 11.29166666666667 1.0000000180025095e-35 1.0000000180025095e-35 28.500000000000004 2.5000000000000004 6.452272727272728 1.8050000000000004 5.925859788359789 20.775000000000002 28.500000000000004 42.500000000000007 1.8750000000000002 9.2500000000000018
decision_type=1 2 2 2 2 2 2 8 2 2 2 2 10 2
left_child=2 3 -1 13 7 6 -6 8 -3 -9 -11 -12 -13 -2
right_child=1 4 -4 -5 5 -7 -8 9 -10 10 11 12 -14 -15
leaf_value=-0.33495034045217753 0.035259353200905029 0.43309828220651703 -0.011517563545041616 -0.035917251177054292 0.77959574237465867 -0.065777053833007817 0.23959219907410445 0.25574754348088957 0.14265054865598173 -0.17625492784683988 -0.18285944215776573 0.040794766931371261 0.46071976517828611 0.2562081379350275
leaf_weight=107 300 26 36 928 15.999999999999998 14.999999999999998 15.999999999999998 29 118 59 27 44 26 32
leaf_count=107 300 26 36 928 16 15 16 29 118 59 27 44 26 32
internal_value=-0.000866371 0.0210893 -0.236956 -0.0115514 0.131031 0.325965 0.509594 0.103184 0.195093 0.0316439 -0.0100164 0.0910977 0.196767 0.0565556
internal_weight=1779 1636 143 1260 376 47 32 329 144 185 156 97 70 332
internal_count=1779 1636 143 1260 376 47 32 329 144 185 156 97 70 332
cat_boundaries=0 1
cat_threshold=8
is_linear=0
shrinkage=0.05


Tree=40
num_leaves=15
num_cat=1
split_feature=26 0 13 43 18 45 38 26 4 37 15 43 8 24
split_gain=2739.75 1889.93 786.464 792.832 1020.49 748.353 764.147 605.413 805.593 2219.39 771.741 821.126 1257.55 655.505
threshold=11.29166666666667 0 5.4088448327359631 2.5000000000000004 6.146481320823427 68.500000000000014 39.500000000000007 24.562500000000004 13.500000000000002 4.5000000000000009 5.8333333333333348 25.500000000000004 6.0163978494623667 3.291666666666667
decision_type=2 1 2 2 2 2 8 2 2 2 2 2 2 2
left_child=1 2 3 4 -1 6 -2 13 10 -10 11 12 -9 -8
right_child=5 -3 -4 -5 -6 -7 7 8 9 -11 -12 -13 -14 -15
leaf_value=-0.18838771350922123 -0.21886409411827726 -0.019185831018483795 -0.5302004132005903 -0.2778955839077632 0.29365874108146217 -0.094694820848270897 0.37337005913257598 0.61843299547831221 0.3770701432769949 -0.39687064141035083 0.090000067145118254 0.68026575985408977 -0.0014477776156531441 0.074103772198391524
leaf_weight=31 14.999999999999998 1268 18 75 17 41 20 14.999999999999998 22 15.999999999999998 23 21 18 215
leaf_count=31 15 1268 18 75 17 41 20 15 22 16 23 21 18 215
internal_value=-0.0065935 -0.0395693 -0.206845 -0.176341 -0.0176629 0.107847 0.130598 0.145575 0.239579 0.0512003 0.332546 0.435852 0.280316 0.0995732
internal_weight=1815 1409 141 123 48 406 365 350 115 38 77 54 33 235
internal_count=1815 1409 141 123 48 406 365 350 115 38 77 54 33 235
cat_boundaries=0 1
cat_threshold=8
is_linear=0
shrinkage=0.05


Tree=41
num_leaves=15
num_cat=1
split_feature=6 0 26 46 40 14 38 3 13 23 40 46 27 33
split_gain=2731.96 1278.77 1110.72 852.982 1215.55 1497.57 825.777 767.619 709.784 681.042 632.627 659.446 679.315 547.82
threshold=2.7500000000000004 0 24.562500000000004 4.5000000000000009 31.500000000000004 9.8333333333333339 82.000000000000014 7.4354166666666677 5.4088448327359631 7.0340112433862449 8.5000000000000018 1.5000000000000002 16.416666666666668 26.500000000000004
decision_type=2 1 2 2 10 2 8 2 2 2 10 2 2 8
left_child=1 8 6 4 5 9 -2 -7 10 -4 11 12 -1 -8
right_child=2 -3 3 -5 -6 7 13 -9 -10 -11 -12 -13 -14 -15
leaf_value=-0.021567083688245881 -0.077826097866636704 -0.036966462479473626 0.16637495442440636 -0.054434022536644568 0.63886548413170718 0.18561423135300478 0.10165264638711867 -0.27003508069013299 -0.50369038510446751 0.57089585786604358 -0.29570387640485057 0.080782972690131932 -0.47716397603352867 0.00076727472675207277
leaf_weight=18 128 855 19 26 18 18 349 19 18 23 54 36 14.999999999999998 219
leaf_count=18 128 855 19 26 18 18 349 19 18 23 54 36 15 219
internal_value=-0.00626911 -0.0618955 0.0613791 0.19989 0.268059 0.183571 0.036901 -0.0483678 -0.196503 0.387898 -0.167524 -0.0672099 -0.228657 0.0627549
internal_weight=1815 996 819 123 97 79 696 37 141 42 123 69 33 568
internal_count=1815 996 819 123 97 79 696 37 141 42 123 69 33 568
cat_boundaries=0 1
cat_threshold=8
is_linear=0
shrinkage=0.05


Tree=42
num_leaves=15
num_cat=2
split_feature=6 0 48 33 5 13 40 17 46 27 26 8 17 27
split_gain=2466.75 1106.14 1082.2 743.959 867.567 640.58 570.945 657.144 595.15 613.082 534.962 1511.86 505.921 673.413
threshold=2.2500000000000004 0 1 21.500000000000004 5.5000000000000009 5.4088448327359631 8.5000000000000018 27.833333333333339 1.5000000000000002 16.416666666666668 33.458333333333336 6.2533783783783798 28.416666666666668 26.30952380952381
decision_type=2 1 9 10 2 2 10 2 2 2 2 2 2 2
left_child=1 5 3 -2 -5 6 8 -8 9 -1 12 -12 13 -4
right_child=2 -3 10 4 -6 -7 7 -9 -10 -11 11 -13 -14 -15
leaf_value=-0.020488735040028891 0.43884653657674788 -0.03730930823517626 0.025511259143668526 0.063514448068607815 0.40307541323515284 -0.47850586807407025 -0.53824240354930664 -0.1626888668970079 0.07674382146861819 -0.45330577691396079 0.54684236852659118 -0.071042395992712545 -0.037966252321377403 0.19963541787404282
leaf_weight=18 25 802 381 87 24 18 17 37 36 14.999999999999998 18 22 250 65
leaf_count=18 25 802 381 87 24 18 17 37 36 15 18 22 250 65
internal_value=-0.00596583 -0.0620185 0.0546508 0.179252 0.136933 -0.186678 -0.159148 -0.280919 -0.0638494 -0.217224 0.0287999 0.207006 0.018972 0.0508881
internal_weight=1815 943 872 136 111 141 123 54 69 33 736 40 696 446
internal_count=1815 943 872 136 111 141 123 54 69 33 736 40 696 446
cat_boundaries=0 1 4
cat_threshold=8 524424 0 289
is_linear=0
shrinkage=0.05


Tree=43
num_leaves=15
num_cat=2
split_feature=6 0 48 33 5 43 43 3 1 41 16 36 45 18
split_gain=2236.82 1038.86 997.44 751.173 912.767 593.863 978.869 963.016 556.372 606.069 543.199 601.369 506.42 492.136
threshold=2.7500000000000004 0 1 20.500000000000004 5.5000000000000009 4.5000000000000009 9.5000000000000018 4.7936105476673436 1.0000000180025095e-35 30.500000000000004 -22.916666666666661 49.500000000000007 18.500000000000004 6.1431994047619058
decision_type=2 1 9 10 2 2 2 2 2 10 2 2 2 2
left_child=1 5 3 -2 12 10 7 -7 9 -4 -1 -12 13 -5
right_child=2 -3 8 4 -6 6 -8 -9 -10 -11 11 -13 -14 -15
leaf_value=0.13593849855519477 0.52444277723630273 -0.033536043202106146 0.045715975123362583 0.050325143759449326 0.41499919810146091 -0.21026970346768695 -0.1431215337262704 -0.76792004853487017 -0.04552032970111921 0.32651980891823773 0.036193692859481368 -0.36829100616276267 -0.061977271582835759 0.37052546694874766
leaf_weight=21 14.999999999999998 855 490 30 25 15.000000000000002 52 15.999999999999998 180 20 17 20 39 20
leaf_count=21 15 855 490 30 25 15 52 16 180 20 17 20 39 20
internal_value=-0.00567782 -0.0560116 0.055534 0.17802 0.148054 -0.177344 -0.2757 -0.498089 0.0296251 0.0567279 -0.0671693 -0.182447 0.0730691 0.178405
internal_weight=1815 996 819 129 114 141 83 31 690 510 58 37 89 50
internal_count=1815 996 819 129 114 141 83 31 690 510 58 37 89 50
cat_boundaries=0 1 4
cat_threshold=8 524424 0 289
is_linear=0
shrinkage=0.05


Tree=44
num_leaves=15
num_cat=2
split_feature=0 48 45 16 43 4 26 6 46 8 24 2 15 16
split_gain=2061.47 1218.52 1108.77 1057.68 841.278 822.743 1044.92 821.304 829.305 730.134 675.3 656.74 530.429 449.681
threshold=0 1 51.500000000000007 25.541666666666668 12.500000000000002 13.500000000000002 34.333333333333336 -31.249999999999996 2.5000000000000004 5.9552139037433163 6.416666666666667 2.5000000000000004 1.5833333333333337 16.416666666666668
decision_type=1 9 2 2 2 2 2 2 2 2 2 2 2 2
left_child=1 2 3 -1 13 6 9 8 -2 12 -11 -12 -6 -3
right_child=7 4 -4 -5 5 -7 -8 -9 -10 10 11 -13 -14 -15
leaf_value=0.18695947157485146 -0.3655374852840656 -0.0059750421605021566 -0.12876159927807748 0.58440826860341166 0.10119100109888957 -0.18486774930587183 0.4178681849241257 -0.050080532476438483 0.025648640096187593 0.090488502227314083 0.056652408598789152 -0.29232551615971786 0.43082436685976777 -0.22728724777698517
leaf_weight=70 42 526 20 22 26 26 25 759 20 178 28 26 23 24
leaf_count=70 42 526 20 22 26 26 25 759 20 178 28 26 23 24
internal_value=-0.00540317 0.0428725 0.191548 0.282002 0.0220572 0.0851591 0.108103 -0.0635989 -0.239348 0.0805434 0.0435033 -0.111374 0.255917 -0.0156323
internal_weight=1815 994 112 92 882 332 306 821 62 281 232 54 49 550
internal_count=1815 994 112 92 882 332 306 821 62 281 232 54 49 550
cat_boundaries=0 1 4
cat_threshold=3 589952 134217728 289
is_linear=0
shrinkage=0.05


Tree=45
num_leaves=15
num_cat=1
split_feature=16 26 6 18 48 40 8 43 27 2 18 4 45 16
split_gain=1963.91 1364.77 1053.98 1226.03 838.411 636.678 619.96 1381.9 668.848 972.753 1218.31 765.625 604.934 427.996
threshold=-0.20833333333333329 24.562500000000004 -31.249999999999996 6.1547382356205889 0 10.500000000000002 5.9508064516129044 21.500000000000004 32.63333333333334 2.5000000000000004 6.2962842712842724 13.500000000000002 4.5000000000000009 4.791666666666667
decision_type=2 2 2 2 9 10 2 2 2 2 2 2 2 2
left_child=2 4 3 -1 12 -5 -3 -8 9 -9 -11 -10 13 -2
right_child=1 6 -4 5 -6 -7 7 8 11 10 -12 -13 -14 -15
leaf_value=-0.62059302330017097 0.091067235136315941 0.49435819884141285 -0.053536476235048404 0.034150268316268925 0.0010223258653059752 -0.35584383209546411 -0.19274664926140206 0.65354459716214075 0.2948313262727526 0.46491460455091382 -0.13787440578142804 -0.18052709549665452 0.056277887429018597 0.37981603113990842
leaf_weight=18 21 14.999999999999998 482 25 984 18 23 18 18 19 14.999999999999998 15.999999999999998 91 33
leaf_count=18 21 15 482 25 984 18 23 18 18 19 15 16 91 33
internal_value=0.00110631 0.0355256 -0.078318 -0.274133 0.0182319 -0.129103 0.192982 0.151508 0.243577 0.356328 0.198978 0.0711332 0.126243 0.267525
internal_weight=1796 1253 543 61 1129 43 124 109 86 52 34 34 145 54
internal_count=1796 1253 543 61 1129 43 124 109 86 52 34 34 145 54
cat_boundaries=0 3
cat_threshold=524296 4 544
is_linear=0
shrinkage=0.05


end of trees

feature_importances:
quotazione_iniziale_target=93
bonus_netti_lag1=46
bonus_netti_ma3=46
bonus_netti_career_mean=44
presenze_career_mean=34
quotazione_iniziale_n1=31
ruolo=28
voto_medio_lag1=28
voto_medio_ma3=25
altezza_m=25
fantamedia_lag1=23
infortuni_n1_giorni_totali=23
infortuni_career_count=23
quotazione_attuale_n1=16
squadra_punti_finali_n1=15
fantamedia_ma3=14
gol_career_mean=11
eta_n1=11
gol_lag1=10
presenze_ma3=10
squadra_in_champions_target=10
cambio_squadra=9
voto_medio_career_mean=9
presenze_cumulate_carriera_n1=8
fantamedia_career_mean=7
squadra_posizione_finale_n1=7
assist_lag1=6
gol_ma3=6
squadra_nuova_punti_finali_n1=6
nazionalita=6
presenze_lag1=4
assist_ma3=4
infortuni_n1_count=4
assist_career_mean=2

parameters:
[boosting: gbdt]
[objective: regression]
[metric: l1]
[tree_learner: serial]
[device_type: cpu]
[data_sample_strategy: bagging]
[data: ]
[valid: ]
[num_iterations: 1000]
[learning_rate: 0.05]
[num_leaves: 15]
[num_threads: 0]
[seed: 42]
[deterministic: 0]
[force_col_wise: 0]
[force_row_wise: 0]
[histogram_pool_size: -1]
[max_depth: -1]
[min_data_in_leaf: 15]
[min_sum_hessian_in_leaf: 0.001]
[bagging_fraction: 0.85]
[pos_bagging_fraction: 1]
[neg_bagging_fraction: 1]
[bagging_freq: 5]
[bagging_seed: 400]
[bagging_by_query: 0]
[feature_fraction: 0.85]
[feature_fraction_bynode: 1]
[feature_fraction_seed: 30056]
[extra_trees: 0]
[extra_seed: 12879]
[early_stopping_round: 0]
[early_stopping_min_delta: 0]
[first_metric_only: 0]
[max_delta_step: 0]
[lambda_l1: 0]
[lambda_l2: 0]
[linear_lambda: 0]
[min_gain_to_split: 0]
[drop_rate: 0.1]
[max_drop: 50]
[skip_drop: 0.5]
[xgboost_dart_mode: 0]
[uniform_drop: 0]
[drop_seed: 17869]
[top_rate: 0.2]
[other_rate: 0.1]
[min_data_per_group: 100]
[max_cat_threshold: 32]
[cat_l2: 10]
[cat_smooth: 10]
[max_cat_to_onehot: 4]
[top_k: 20]
[monotone_constraints: ]
[monotone_constraints_method: basic]
[monotone_penalty: 0]
[feature_contri: ]
[forcedsplits_filename: ]
[refit_decay_rate: 0.9]
[cegb_tradeoff: 1]
[cegb_penalty_split: 0]
[cegb_penalty_feature_lazy: ]
[cegb_penalty_feature_coupled: ]
[path_smooth: 0]
[interaction_constraints: ]
[verbosity: -1]
[saved_feature_importance_type: 0]
[use_quantized_grad: 0]
[num_grad_quant_bins: 4]
[quant_train_renew_leaf: 0]
[stochastic_rounding: 1]
[linear_tree: 0]
[max_bin: 255]
[max_bin_by_feature: ]
[min_data_in_bin: 3]
[bin_construct_sample_cnt: 200000]
[data_random_seed: 175]
[is_enable_sparse: 1]
[enable_bundle: 1]
[use_missing: 1]
[zero_as_missing: 0]
[feature_pre_filter: 1]
[pre_partition: 0]
[two_round: 0]
[header: 0]
[label_column: ]
[weight_column: ]
[group_column: ]
[ignore_column: ]
[categorical_feature: 0,48,49]
[forcedbins_filename: ]
[precise_float_parser: 0]
[parser_config_file: ]
[objective_seed: 16083]
[num_class: 1]
[is_unbalance: 0]
[scale_pos_weight: 1]
[sigmoid: 1]
[boost_from_average: 1]
[reg_sqrt: 0]
[alpha: 0.9]
[fair_c: 1]
[poisson_max_delta_step: 0.7]
[tweedie_variance_power: 1.5]
[lambdarank_truncation_level: 30]
[lambdarank_norm: 1]
[label_gain: ]
[lambdarank_position_bias_regularization: 0]
[eval_at: ]
[multi_error_top_k: 1]
[auc_mu_weights: ]
[num_machines: 1]
[local_listen_port: 12400]
[time_out: 120]
[machine_list_filename: ]
[machines: ]
[gpu_platform_id: -1]
[gpu_device_id: -1]
[gpu_device_id_list: ]
[gpu_use_dp: 0]
[num_gpu: 1]

end of parameters

pandas_categorical:[["attaccante", "centrocampista", "difensore", "portiere"], ["Albania", "Algeria", "Angola", "Argentina", "Armenia", "Australia", "Austria", "Belgium", "Bosnia-Herzegovina", "Brazil", "Bulgaria", "Burkina Faso", "Cameroon", "Canada", "Central African Republic", "Chile", "Colombia", "Congo", "Costa Rica", "Cote d'Ivoire", "Croatia", "Cyprus", "Czech Republic", "DR Congo", "Denmark", "Ecuador", "Egypt", "England", "Equatorial Guinea", "Estonia", "Finland", "France", "Gabon", "Georgia", "Germany", "Ghana", "Greece", "Guinea", "Guinea-Bissau", "Hungary", "Iceland", "Indonesia", "Iraq", "Ireland", "Italy", "Japan", "Korea, North", "Kosovo", "Liechtenstein", "Lithuania", "Mali", "Martinique", "Mexico", "Moldova", "Montenegro", "Morocco", "Netherlands", "New Zealand", "Nigeria", "North Macedonia", "Norway", "Paraguay", "Peru", "Poland", "Portugal", "Romania", "Russia", "Scotland", "Senegal", "Serbia", "Sierra Leone", "Slovakia", "Slovenia", "Spain", "Suriname", "Sweden", "Switzerland", "The Gambia", "Togo", "Tunisia", "T\u00fcrkiye", "Ukraine", "United States", "Uruguay", "Uzbekistan", "Venezuela", "Wales", "Zambia", "Zimbabwe"], ["both", "left", "right"]]
