tree
version=v4
num_class=1
num_tree_per_iteration=1
label_index=0
max_feature_idx=45
objective=regression
feature_names=giornata squadra_casa squadra_ospite squadra_giocatore ruolo squadra_forma3_punti_mean squadra_forma3_gf_mean squadra_forma3_gs_mean squadra_forma3_xg_for_mean squadra_forma3_xg_against_mean squadra_forma3_n_partite squadra_forma5_punti_mean squadra_forma5_gf_mean squadra_forma5_gs_mean squadra_forma5_xg_for_mean squadra_forma5_xg_against_mean squadra_forma5_n_partite avversario_forma3_punti_mean avversario_forma3_gf_mean avversario_forma3_gs_mean avversario_forma3_xg_for_mean avversario_forma3_xg_against_mean avversario_forma3_n_partite avversario_forma5_punti_mean avversario_forma5_gf_mean avversario_forma5_gs_mean avversario_forma5_xg_for_mean avversario_forma5_xg_against_mean avversario_forma5_n_partite voto_lag_mean_3 voto_lag_mean_5 understat_xG_lag_mean_5 understat_xA_lag_mean_5 understat_shots_lag_mean_5 understat_time_lag_mean_5 presenze_cumulate squadra_posizione_pre squadra_punti_pre squadra_diff_reti_pre avversario_posizione_pre avversario_punti_pre avversario_diff_reti_pre squadra_modulo avversario_modulo squadra_allenatore avversario_allenatore
feature_infos=[1:38] -1:14:11:16:0:29:2:18:15:20:31:25:28:32:13:34:4:10:6:30:22:9:26:27:17:1:12:21:8:19:33:3:23 -1:29:2:16:0:32:11:18:20:31:14:15:28:25:13:34:4:10:6:30:22:9:26:27:17:1:21:12:19:8:33:3:5 -1:16:0:2:11:14:29:20:18:15:32:31:28:25:13:34:4:10:6:30:22:9:26:27:17:1:21:12:33:8:19:5:23 -1:1:2:0:3 [0:3] [0:5.333333333333333] [0:5] [0.10974502004683009:6.2464558025822043] [0.10974502004683009:6.2464558025822043] [0:3] [0:3] [0:5] [0:5] [0.10974502004683009:6.2464558025822043] [0.10974502004683009:6.2464558025822043] [0:5] [0:3] [0:5.333333333333333] [0:5] [0.10974502004683009:6.2464558025822043] [0.10974502004683009:6.2464558025822043] [0:3] [0:3] [0:5] [0:5] [0.10974502004683009:6.2464558025822043] [0.10974502004683009:6.2464558025822043] [0:5] [3:8.3333333333333339] [3:8] [0:1.6015150070190429] [0:1.2633199691772461] [0:8.8000000000000007] [2:90] [0:5] [1:20] [0:92] [-51:61] [1:20] [0:92] [-51:61] -1:12:5:9:10:2:14:1:11:4:3:13:7:18:16:17:19 -1:12:5:9:10:2:14:1:11:4:3:13:7:18:16:19:17 none none
tree_sizes=5305 5673 5749

Tree=0
num_leaves=63
num_cat=39
split_feature=30 3 1 2 33 4 4 3 4 33 4 3 4 2 1 2 2 3 4 1 1 39 32 1 32 42 41 2 32 3 1 27 29 21 23 39 3 2 2 3 33 2 39 26 32 3 9 30 42 1 1 33 39 2 4 1 8 1 26 42 42 3
split_gain=612.249 223.438 129.043 84.092 81.5505 66.146 56.1274 49.0723 47.4247 45.0959 43.2432 58.76 42.4262 33.936 31.7624 26.863 24.5999 23.3721 23.1219 24.1029 22.3258 20.6825 19.7872 18.4644 17.4535 17.1622 16.7836 16.7781 15.7688 15.4257 14.8107 14.7583 14.2076 13.5444 13.2722 12.9901 12.3952 11.7603 11.7443 11.6174 11.5649 11.2074 10.9861 10.9632 10.7935 10.7 10.3625 10.4191 10.2555 10.7956 10.2383 10.1403 10.1262 9.81945 9.81313 9.80871 9.73307 9.5679 9.63139 9.27757 9.21271 13.7377
threshold=6.1833333333333345 0 1 2 2.5500000000000003 3 4 5 6 0.90000000000000013 7 8 9 10 11 12 13 14 15 16 17 5.5000000000000009 0.098922999575734069 18 0.027567497477866656 19 -2.4999999999999996 20 0.042081369459629057 21 22 1.7901106644421818 7.0833333333333348 1.2088284042353432 0.90000000000000013 17.500000000000004 23 24 25 26 2.2250000000000005 27 5.5000000000000009 1.0834873456507923 0.21165871750563384 28 1.1067180819809439 5.7250000000000005 29 30 31 2.9000000000000004 6.5000000000000009 32 33 34 1.2630887576378884 35 1.8107599863782526 36 37 38
decision_type=10 9 9 9 8 1 1 9 1 10 1 9 1 9 9 9 9 9 1 9 9 2 10 9 10 9 2 9 10 9 9 10 10 8 10 2 9 9 9 9 10 9 2 10 10 9 10 8 9 9 9 10 2 9 1 9 8 9 10 9 9 9
left_child=1 3 5 8 10 15 -4 21 17 16 -2 13 -7 23 39 25 46 57 -10 -20 59 -6 40 -12 -16 -3 -17 34 -11 41 -19 -29 44 51 -14 36 -18 -30 -26 -13 50 -21 -22 -15 -23 53 -8 55 49 -47 -5 -31 -27 -37 -41 -48 -35 58 -1 -9 -25 -62
right_child=4 2 6 22 7 12 9 20 18 28 11 14 27 43 24 26 35 30 19 29 42 32 -24 60 38 52 -28 31 37 33 -32 -33 -34 56 -36 45 -38 -39 -40 54 -42 -43 -44 -45 -46 48 47 -49 -50 -51 -52 -53 -54 -55 -56 -57 -58 -59 -60 -61 61 -63
leaf_value=5.9748325033540768 5.9820463819191936 5.9525450723667959 5.979641984546495 5.9770142932741956 5.9808935609963747 5.9792163418972075 5.9539138918907977 5.9776124697701105 5.9787637259084372 5.9668664427010807 5.9825784053967563 5.9699748076946006 5.9660222793328455 5.9896518107831476 5.9692648006959823 5.9596039802783789 5.9573281217596064 5.9691156848481217 5.9755953547545371 5.9817943661363557 5.9685603801431162 5.9869023133675219 5.9818678011617132 5.9770352876398549 5.9778649985026311 5.9574296251878094 5.9458043148970123 5.9624385359106133 5.9759337739312928 5.9647018644758534 5.961425047858131 5.9738494865519582 6.0041736188511869 5.9659427846360078 5.9543694200385477 5.9683360535064311 5.9650822680126128 5.9696880968056023 5.9724789124983593 5.964462168975369 5.9870890299823163 5.9714851348737144 5.983481430847112 5.981285046114146 5.9956171582794715 5.9744290954664949 5.9525726906053613 5.965029278544451 5.958965716210777 5.9612253465205312 5.9719654756199692 5.9772495455503156 5.9678822766110073 5.9776862428925144 5.9508112402309505 5.9634352262967001 5.9727618460972494 5.9671310519813199 5.9621806271017137 5.9603049542994846 5.9751973179509763 5.9658789477401575
leaf_weight=971 2738 807 786 1849 593 359 568 105 989 2887 1009 525 312 696 1755 269 560 839 1980 311 151 978 1303 2466 2069 457 1218 2743 1168 2521 2643 316 202 759 1127 673 6970 2092 2024 434 184 1516 674 895 558 385 461 1034 396 245 2230 172 470 469 202 457 1685 1976 178 242 1271 564
leaf_count=971 2738 807 786 1849 593 359 568 105 989 2887 1009 525 312 696 1755 269 560 839 1980 311 151 978 1303 2466 2069 457 1218 2743 1168 2521 2643 316 202 759 1127 673 6970 2092 2024 434 184 1516 674 895 558 385 461 1034 396 245 2230 172 470 469 202 457 1685 1976 178 242 1271 564
internal_value=5.97042 5.96742 5.96439 5.97115 5.97776 5.95909 5.96663 5.9847 5.96936 5.96607 5.9763 5.97516 5.96281 5.97844 5.97193 5.95351 5.96431 5.96609 5.97155 5.97074 5.97617 5.98888 5.97646 5.97649 5.97343 5.95796 5.94845 5.96149 5.96956 5.96936 5.96327 5.96364 5.99171 5.96795 5.95699 5.96547 5.96448 5.97194 5.97522 5.96441 5.97483 5.97329 5.98063 5.98485 5.99007 5.96887 5.9599 5.96159 5.9652 5.96923 5.97427 5.9655 5.96281 5.97221 5.95989 5.95771 5.97064 5.96924 5.97285 5.9656 5.97503 5.97232
internal_weight=69486 49335 27229 22106 20151 8078 19151 3503 16540 18365 16648 13910 4857 6901 7009 3221 12218 6607 9933 8944 1172 2331 5566 5310 5848 1734 1487 4498 6147 6964 3482 3059 1738 5137 1439 9698 7530 3260 4093 1161 4263 1827 825 1591 1536 2168 2520 1952 1026 630 4079 2693 927 1142 636 918 2444 3125 1149 347 4301 1835
internal_count=69486 49335 27229 22106 20151 8078 19151 3503 16540 18365 16648 13910 4857 6901 7009 3221 12218 6607 9933 8944 1172 2331 5566 5310 5848 1734 1487 4498 6147 6964 3482 3059 1738 5137 1439 9698 7530 3260 4093 1161 4263 1827 825 1591 1536 2168 2520 1952 1026 630 4079 2693 927 1142 636 918 2444 3125 1149 347 4301 1835
cat_boundaries=0 1 2 3 4 5 7 8 9 10 11 12 13 15 16 17 18 20 21 23 24 25 26 28 30 32 34 35 36 38 39 41 42 44 45 47 49 50 51 52
cat_threshold=2719860737 2192951307 2724055297 4 8 571836417 1 4 8 169197569 8 2857877555 168870401 1079438640 7 34717697 35176449 8 1554515802 4 574070851 3370129168 3 18984 640789065 1081345 417870170 7 10617088 2 1615201612 6 2049493860 4 3825338912 570507264 1344417828 1 1574 268567632 6 35176449 3356112148 1 3 1212158548 2 3630469966 1 16418 10790 1146880
is_linear=0
shrinkage=1


Tree=1
num_leaves=63
num_cat=38
split_feature=30 3 1 2 33 4 4 3 4 4 3 4 4 2 2 4 2 3 4 1 32 39 1 39 33 1 1 2 1 32 42 25 1 1 27 30 39 33 3 39 3 13 42 1 30 9 2 38 2 2 1 2 38 31 32 12 2 42 40 3 39 32
split_gain=552.62 201.74 116.445 75.901 73.5838 59.7471 51.5402 44.297 42.8392 39.0512 53.1304 38.3447 36.0581 31.25 29.0205 26.1435 23.4849 21.1003 20.885 21.7559 20.7204 20.4449 19.2596 18.6659 18.5675 16.9516 16.4187 15.8675 15.1882 14.598 13.8935 13.8809 13.4278 13.37 12.982 12.8974 12.7835 12.7727 11.9685 10.7925 10.723 10.6584 10.6646 10.6569 10.6147 10.294 10.2718 10.1894 10.014 9.93723 9.93356 9.71828 9.66482 9.60027 9.59763 9.52029 9.47568 9.4739 9.28704 9.23251 9.68452 9.10235
threshold=6.1833333333333345 0 1 2 2.5500000000000003 3 4 5 6 7 8 9 10 11 12 13 14 15 16 17 0.042081369459629057 3.5000000000000004 18 5.5000000000000009 1.5500000000000003 19 20 21 22 0.10663315877318376 23 1.3666666666666669 24 25 1.8082790549844505 6.5500000000000007 18.500000000000004 1.4500000000000002 26 11.500000000000002 27 2.5500000000000003 28 29 5.5500000000000007 0.84627883648499858 30 25.500000000000004 31 32 33 34 27.500000000000004 0.47977740094065668 0.14669736772775646 1.6333333333333335 35 36 71.500000000000014 37 6.5000000000000009 0.27037530259694903
decision_type=10 9 9 9 8 1 1 9 1 1 9 1 1 9 9 1 9 9 1 9 10 2 9 2 10 9 9 9 9 8 9 10 9 9 10 10 2 10 9 2 9 8 9 9 8 8 9 2 9 9 9 9 2 10 10 10 9 9 2 9 2 10
left_child=1 3 5 8 9 16 14 23 17 -2 13 -7 -8 26 41 28 30 -1 -10 -20 49 -9 48 61 32 -23 -11 39 45 40 -3 -18 -5 -19 44 43 38 -22 -16 -13 56 42 -4 -25 -29 -12 -39 -26 -17 -14 -32 -40 -37 -31 -45 -52 -21 -27 -35 -24 -61 -6
right_child=4 2 6 24 7 11 12 21 18 10 15 27 20 -15 36 22 31 33 19 29 37 25 59 35 47 57 -28 34 -30 53 50 -33 -34 58 -36 52 -38 46 51 -41 -42 -43 -44 54 -46 -47 -48 -49 -50 -51 55 -53 -54 -55 -56 -57 -58 -59 -60 60 -62 -63
leaf_value=-0.0010985880801112553 0.011074545549864583 -0.0060708953146585976 -0.0022269425515338208 0.0087630221483822029 0.0064047597221025586 0.0083958447327822216 0.0087940576682850047 -0.010775259752390964 0.0079580924056985008 0.011845855696542942 0.010664346035499173 -0.020918665965446972 -0.0019478914900674356 0.013942886709024349 -0.010813994099537434 0.006311624930155549 -0.02480338481959149 -0.0012124887260622635 0.0049452562667616651 -0.0023002623509246105 -0.0015726731965275667 -0.0041936243355011624 -0.0030782939344788382 0.0071082083089441112 0.010180173897843321 0.017187115204890243 0.0044877222593083053 -0.014733017481822184 0.0051552982622414777 0.0015538072248100182 -0.0076741329379952875 -0.015309962471085499 0.0026854506330558944 -0.0079670859645003655 0.0011843989961422407 0.022088393717766802 0.0005063763299612287 -0.0014560949695409378 0.0012091971624922616 -0.0051516282334420332 -0.0042352212313533375 -0.021686119707301263 -0.012498993160347987 0.014276053756737057 -0.0071238224048362489 -0.0030006020512877239 0.0069695702238840784 0.026688876671967312 -0.0027773949438692283 -0.006060060875059504 -0.017765522077615736 -0.0057556561556796138 0.035574309362701194 0.017617281822046055 0.026112794294939234 -0.039006563292109761 0.0059663581566151737 0.0057798265486286547 -0.023576303213985281 -0.021252994776392978 -0.0072434943116403945 0.020718834693291905
leaf_weight=3125 2738 698 329 1267 445 359 786 165 989 930 158 407 2725 1555 1005 540 886 839 1980 867 3275 217 508 274 923 388 4268 541 3696 2263 315 681 3272 2544 403 608 908 568 602 148 3173 250 1417 356 2999 1079 988 104 667 3263 583 3035 170 97 330 58 564 402 99 210 299 148
leaf_count=3125 2738 698 329 1267 445 359 786 165 989 930 158 407 2725 1555 1005 540 886 839 1980 867 3275 217 508 274 923 388 4268 541 3696 2263 315 681 3272 2544 403 608 908 568 602 148 3173 250 1417 356 2999 1079 988 104 667 3263 583 3035 170 97 330 58 564 402 99 210 299 148
internal_value=2.57833e-05 -0.00282396 -0.0057037 0.00072541 0.00700271 -0.0107381 -0.00357567 0.0135895 -0.000974792 0.00561674 0.00453123 -0.00719866 -0.00148071 0.0077117 -0.00679128 0.00152371 -0.0160365 -0.00409185 0.00110057 0.000334248 -0.00223461 0.00549229 -0.00296884 0.0175618 0.00577044 0.00821232 0.00582442 -0.00845917 0.00355105 -0.000981963 -0.0116658 -0.0205465 0.00440714 -0.00676739 -0.00730018 0.0202506 -0.0049105 0.000199442 -0.00598064 -0.0164183 -0.00262236 -0.0119704 -0.0106478 0.0163732 -0.0082867 -0.00124513 0.00392931 0.0118519 0.00130739 -0.00420208 -0.0156457 -0.00460267 0.0250352 0.00221404 0.0196832 -0.0193851 0.000976655 0.0115272 -0.00851953 -0.00800729 -0.0127725 0.00997724
internal_weight=69486 49335 27229 22106 20151 8078 19151 3503 16540 16648 13910 4857 11605 6753 7546 7157 3221 6607 9933 8944 10819 1172 2224 2331 5566 1007 5198 4498 4933 6964 1654 1567 4539 3482 3943 1738 5550 4831 4642 555 4604 1996 1746 960 3540 1237 1556 1027 1207 5988 956 3637 778 2360 686 641 1431 790 2643 1017 509 593
internal_count=69486 49335 27229 22106 20151 8078 19151 3503 16540 16648 13910 4857 11605 6753 7546 7157 3221 6607 9933 8944 10819 1172 2224 2331 5566 1007 5198 4498 4933 6964 1654 1567 4539 3482 3943 1738 5550 4831 4642 555 4604 1996 1746 960 3540 1237 1556 1027 1207 5988 956 3637 778 2360 686 641 1431 790 2643 1017 509 593
cat_boundaries=0 1 2 3 4 5 7 8 9 10 11 12 13 14 15 17 18 19 21 23 24 26 27 28 29 30 32 34 35 36 37 38 39 41 42 44 45 46 47
cat_threshold=2719860737 2192951307 2724055297 4 4 571836417 1 4 8 34979841 8 8 2857877555 39174145 3 1146546480 7 35176449 8 1554515802 4 3228317766 7 1678123075 3370129168 1 573639177 1110757953 275462 33603584 417870170 7 77725970 2 1097729 278534 3829434372 204727299 3657576006 3226091302 3 2361353 2232338 6 4769793 1058 3894544132
is_linear=0
shrinkage=0.05


Tree=2
num_leaves=63
num_cat=34
split_feature=30 3 1 2 4 4 4 30 4 3 4 4 41 2 3 3 2 3 4 1 32 34 1 32 2 21 21 31 2 3 31 32 1 1 39 21 36 2 1 32 19 31 15 39 2 20 2 38 3 15 30 27 43 2 2 39 1 41 31 1 27 2
split_gain=498.941 182.131 105.976 68.5161 65.459 52.6134 48.3333 45.458 38.6749 37.8731 36.1164 32.1208 24.4061 23.642 21.8155 20.525 20.6954 19.043 18.8682 19.7084 18.8222 18.6343 18.3576 17.2715 16.397 14.5458 14.3086 14.1297 13.925 12.9825 17.5473 12.6997 12.5955 12.5163 12.3874 11.8843 11.3982 11.0458 11.9891 10.8943 10.6717 10.6484 10.6095 11.6241 10.5815 10.557 10.439 10.0071 9.61803 9.41613 9.22201 9.19816 9.13706 23.3321 10.5926 9.02817 8.98244 8.95733 9.40518 8.95647 8.92395 8.91362
threshold=6.1833333333333345 0 1 2 3 4 5 6.5500000000000007 6 7 8 9 18.500000000000004 10 11 12 13 14 15 16 0.058265901170670951 86.77500000000002 17 0.098922999575734069 18 2.0067066294141118 0.7582422558528682 0.39122950378805404 19 20 1.0000000180025095e-35 0.10663315877318376 21 22 18.500000000000004 0.71628029194350062 19.500000000000004 23 24 0.12542130947113037 0.83333333333333337 0.56367670148611071 2.6374312534928324 2.5000000000000004 25 1.1949845035560431 26 -20.499999999999996 27 1.5108793348539622 5.7250000000000005 1.9102520748972898 28 29 30 16.500000000000004 31 20.500000000000004 0.47977740094065668 32 0.42739515723660587 33
decision_type=10 9 9 9 1 1 1 10 1 9 1 1 2 9 9 9 9 9 1 9 10 8 9 10 9 10 10 10 9 9 10 8 9 9 2 8 2 9 9 10 10 10 10 2 9 10 9 2 9 10 10 10 9 9 9 2 9 2 10 9 8 9
left_child=1 3 6 8 9 13 24 12 17 45 -7 -8 15 36 26 16 32 60 -10 -20 46 37 -11 56 -3 42 -9 39 -28 -14 -31 -21 -6 -19 52 -35 -4 48 -39 -18 -30 -42 43 -26 55 -2 -12 -38 -17 -32 -22 -46 54 -54 -15 -13 -5 58 -33 -16 -1 -36
right_child=4 2 5 23 7 10 11 14 18 22 20 44 29 34 59 21 27 33 19 31 50 -23 -24 -25 25 -27 28 -29 40 30 49 57 -34 35 61 -37 47 38 -40 -41 41 -43 -44 -45 51 -47 -48 -49 -50 -51 -52 -53 53 -55 -56 -57 -58 -59 -60 -61 -62 -63
leaf_value=-0.020649783489735507 0.0087766814609562468 -0.010872986999362014 -0.010985156366153413 0.006468249695632396 0.012141522229334137 0.0080083871902142841 0.0089905322969820525 0.0065296603769569184 0.0075641700333717076 0.00062300492932081401 -0.0070894601263404803 -0.022060834511204531 0.0060891322928110468 -0.0015658025730467531 0.011602032530865041 0.0098313514483699162 0.009476072047499522 -0.010378874717258594 0.0045403692320564225 -0.0025301219026192708 -0.0033511221302880826 0.0090284321499857108 -0.0092913456353325707 0.010530685709935206 -0.029548357882860189 -0.0045047462647915754 0.013321502044595394 0.026045968557009476 0.033744910199242271 0.010365471757991969 -0.0036200021284335036 0.0026661411570698358 0.0046347900850712128 -0.01508839471131429 -0.0084584071511452693 -0.0028888182450369838 -0.040983325475063483 -0.0036774974122607273 0.0045061487924807171 0.017870215005395949 0.016683602301386564 0.030536260087553981 -0.04389846818339007 -0.018294578368865676 -0.0086148037232391082 0.00275171080157639 -0.0028379820072939564 -0.015237834490835668 0.0025520132637051936 -0.017208979215533677 0.0016937614539936211 0.002634556447011755 -0.01716494173881725 -0.0053807653683379687 -0.0070670491240357076 -0.00010363110259436724 0.0018365384380913863 -0.0050915269606736716 0.020386231420315412 0.00074576244792080534 -0.00068297951929684067 0.002210450956089498
leaf_weight=57 1182 893 1438 1930 877 878 267 353 989 1014 1959 262 586 1452 357 912 976 1279 2102 4519 1292 2599 859 1303 291 138 1181 230 168 171 415 1873 1646 222 251 1981 61 839 937 640 605 180 51 1085 2869 1889 5653 99 941 184 3031 194 627 1335 2272 57 2333 372 78 410 3068 774
leaf_count=57 1182 893 1438 1930 877 878 267 353 989 1014 1959 262 586 1452 357 912 976 1279 2102 4519 1292 2599 859 1303 291 138 1181 230 168 171 415 1873 1646 222 251 1981 61 839 937 640 605 180 51 1085 2869 1889 5653 99 941 184 3031 194 627 1335 2272 57 2333 372 78 410 3068 774
internal_value=2.49632e-05 -0.00268284 -0.00541905 0.000689625 0.00665438 -0.00373757 -0.0112191 0.00827736 -0.00092575 0.00164227 -0.00172464 -0.00751578 0.00685646 -0.00683583 0.0135222 0.00766466 0.0103039 -0.00388744 0.00104616 0.00031778 -0.00244676 0.00578735 -0.00394914 0.00548294 -0.0166641 -0.0198785 0.015791 0.0143729 0.017397 0.000540461 -0.00371315 -0.000984218 0.00728178 -0.00642919 -0.00551437 -0.00409958 -0.0123167 0.00348212 0.000641169 0.0128005 0.0220761 0.01986 -0.0215046 -0.0206746 -0.00884157 0.00505421 -0.00394517 -0.0250533 0.00616826 -0.00779425 0.000186015 -0.00787659 -0.00643465 -0.0092146 -0.00493203 -0.0175862 0.00395295 0.00201884 0.00337458 0.0058831 -0.00104383 -0.000463074
internal_weight=69486 49335 27229 22106 20151 21122 6107 15207 16540 4944 12813 3649 11953 8309 3254 10597 4369 6607 9933 8944 11935 6228 1873 5566 2458 1565 2487 1846 2134 1356 770 6842 2523 3482 6711 2203 1598 3629 1776 1616 953 785 1427 1376 3382 3071 7612 160 1853 599 4323 3063 5686 1962 3724 319 4263 2323 1951 767 3125 1025
internal_count=69486 49335 27229 22106 20151 21122 6107 15207 16540 4944 12813 3649 11953 8309 3254 10597 4369 6607 9933 8944 11935 6228 1873 5566 2458 1565 2487 1846 2134 1356 770 6842 2523 3482 6711 2203 1598 3629 1776 1616 953 785 1427 1376 3382 3071 7612 160 1853 599 4323 3063 5686 1962 3724 319 4263 2323 1951 767 3125 1025
cat_boundaries=0 1 2 3 4 5 6 7 8 9 10 11 13 14 15 16 17 19 21 23 25 27 29 30 32 34 35 36 38 39 40 42 43 45 47
cat_threshold=2719860737 2184298499 2724055297 4 4 4 4 2182463489 8 8 34717697 2853554691 4 34717713 2186985489 35176449 8 1558710106 4 1145847110 7 1616293152 6 2315779074 4 236792832 1 2297704730 6 638764549 2049003120 6 873849409 4 573637120 70500417 2823561220 5 13490 811993096 1615206440 7 35176449 272968720 1 2285904896 2
is_linear=0
shrinkage=0.05


end of trees

feature_importances:
squadra_ospite=30
squadra_casa=28
squadra_giocatore=23
ruolo=22
understat_xA_lag_mean_5=12
avversario_posizione_pre=12
voto_lag_mean_5=8
understat_shots_lag_mean_5=7
squadra_modulo=7
understat_xG_lag_mean_5=5
avversario_forma3_xg_against_mean=4
avversario_forma5_xg_against_mean=4
squadra_diff_reti_pre=3
avversario_diff_reti_pre=3
squadra_forma3_xg_against_mean=2
squadra_forma5_xg_against_mean=2
avversario_forma5_xg_for_mean=2
squadra_forma3_xg_for_mean=1
squadra_forma5_gf_mean=1
squadra_forma5_gs_mean=1
avversario_forma3_gs_mean=1
avversario_forma3_xg_for_mean=1
avversario_forma5_punti_mean=1
avversario_forma5_gs_mean=1
voto_lag_mean_3=1
understat_time_lag_mean_5=1
squadra_posizione_pre=1
avversario_punti_pre=1
avversario_modulo=1

parameters:
[boosting: gbdt]
[objective: regression]
[metric: l1]
[tree_learner: serial]
[device_type: cpu]
[data_sample_strategy: bagging]
[data: ]
[valid: ]
[num_iterations: 2000]
[learning_rate: 0.05]
[num_leaves: 63]
[num_threads: 0]
[seed: 42]
[deterministic: 0]
[force_col_wise: 0]
[force_row_wise: 0]
[histogram_pool_size: -1]
[max_depth: -1]
[min_data_in_leaf: 50]
[min_sum_hessian_in_leaf: 0.001]
[bagging_fraction: 0.85]
[pos_bagging_fraction: 1]
[neg_bagging_fraction: 1]
[bagging_freq: 5]
[bagging_seed: 400]
[bagging_by_query: 0]
[feature_fraction: 0.85]
[feature_fraction_bynode: 1]
[feature_fraction_seed: 30056]
[extra_trees: 0]
[extra_seed: 12879]
[early_stopping_round: 0]
[early_stopping_min_delta: 0]
[first_metric_only: 0]
[max_delta_step: 0]
[lambda_l1: 0]
[lambda_l2: 0]
[linear_lambda: 0]
[min_gain_to_split: 0]
[drop_rate: 0.1]
[max_drop: 50]
[skip_drop: 0.5]
[xgboost_dart_mode: 0]
[uniform_drop: 0]
[drop_seed: 17869]
[top_rate: 0.2]
[other_rate: 0.1]
[min_data_per_group: 100]
[max_cat_threshold: 32]
[cat_l2: 10]
[cat_smooth: 10]
[max_cat_to_onehot: 4]
[top_k: 20]
[monotone_constraints: ]
[monotone_constraints_method: basic]
[monotone_penalty: 0]
[feature_contri: ]
[forcedsplits_filename: ]
[refit_decay_rate: 0.9]
[cegb_tradeoff: 1]
[cegb_penalty_split: 0]
[cegb_penalty_feature_lazy: ]
[cegb_penalty_feature_coupled: ]
[path_smooth: 0]
[interaction_constraints: ]
[verbosity: -1]
[saved_feature_importance_type: 0]
[use_quantized_grad: 0]
[num_grad_quant_bins: 4]
[quant_train_renew_leaf: 0]
[stochastic_rounding: 1]
[linear_tree: 0]
[max_bin: 255]
[max_bin_by_feature: ]
[min_data_in_bin: 3]
[bin_construct_sample_cnt: 200000]
[data_random_seed: 175]
[is_enable_sparse: 1]
[enable_bundle: 1]
[use_missing: 1]
[zero_as_missing: 0]
[feature_pre_filter: 1]
[pre_partition: 0]
[two_round: 0]
[header: 0]
[label_column: ]
[weight_column: ]
[group_column: ]
[ignore_column: ]
[categorical_feature: 1,2,3,4,42,43,44,45]
[forcedbins_filename: ]
[precise_float_parser: 0]
[parser_config_file: ]
[objective_seed: 16083]
[num_class: 1]
[is_unbalance: 0]
[scale_pos_weight: 1]
[sigmoid: 1]
[boost_from_average: 1]
[reg_sqrt: 0]
[alpha: 0.9]
[fair_c: 1]
[poisson_max_delta_step: 0.7]
[tweedie_variance_power: 1.5]
[lambdarank_truncation_level: 30]
[lambdarank_norm: 1]
[label_gain: ]
[lambdarank_position_bias_regularization: 0]
[eval_at: ]
[multi_error_top_k: 1]
[auc_mu_weights: ]
[num_machines: 1]
[local_listen_port: 12400]
[time_out: 120]
[machine_list_filename: ]
[machines: ]
[gpu_platform_id: -1]
[gpu_device_id: -1]
[gpu_device_id_list: ]
[gpu_use_dp: 0]
[num_gpu: 1]

end of parameters

pandas_categorical:[["Atalanta", "Benevento", "Bologna", "Brescia", "Cagliari", "Carpi", "Chievo", "Como", "Cremonese", "Crotone", "Empoli", "Fiorentina", "Frosinone", "Genoa", "Inter", "Juventus", "Lazio", "Lecce", "Milan", "Monza", "Napoli", "Palermo", "Parma", "Pescara", "Pisa", "Roma", "SPAL", "Salernitana", "Sampdoria", "Sassuolo", "Spezia", "Torino", "Udinese", "Venezia", "Verona"], ["Atalanta", "Benevento", "Bologna", "Brescia", "Cagliari", "Carpi", "Chievo", "Como", "Cremonese", "Crotone", "Empoli", "Fiorentina", "Frosinone", "Genoa", "Inter", "Juventus", "Lazio", "Lecce", "Milan", "Monza", "Napoli", "Palermo", "Parma", "Pescara", "Pisa", "Roma", "SPAL", "Salernitana", "Sampdoria", "Sassuolo", "Spezia", "Torino", "Udinese", "Venezia", "Verona"], ["Atalanta", "Benevento", "Bologna", "Brescia", "Cagliari", "Carpi", "Chievo", "Como", "Cremonese", "Crotone", "Empoli", "Fiorentina", "Frosinone", "Genoa", "Inter", "Juventus", "Lazio", "Lecce", "Milan", "Monza", "Napoli", "Palermo", "Parma", "Pescara", "Pisa", "Roma", "SPAL", "Salernitana", "Sampdoria", "Sassuolo", "Spezia", "Torino", "Udinese", "Venezia", "Verona"], ["attaccante", "centrocampista", "difensore", "portiere"], ["3-1-4-2", "3-4-1-2", "3-4-2-1", "3-4-3", "3-5-1-1", "3-5-2", "4-1-3-2", "4-1-4-1", "4-2-2-2", "4-2-3-1", "4-3-1-2", "4-3-2-1", "4-3-3", "4-4-1-1", "4-4-2", "4-4-2 Diamond", "4-5-1", "5-3-1-1", "5-3-2", "5-4-1"], ["3-1-4-2", "3-4-1-2", "3-4-2-1", "3-4-3", "3-5-1-1", "3-5-2", "4-1-3-2", "4-1-4-1", "4-2-2-2", "4-2-3-1", "4-3-1-2", "4-3-2-1", "4-3-3", "4-4-1-1", "4-4-2", "4-4-2 Diamond", "4-5-1", "5-3-1-1", "5-3-2", "5-4-1"], ["Alberto Gilardino", "Alessandro Nesta", "Alessio Dionisi", "Andrea Sottil", "Antonio Conte", "Aurelio Andreazzoli", "Bernardo Corradi", "Carlos Garcia Cuesta", "Cesc F\u00e0bregas", "Claudio Ranieri", "Cristian Eugen Chivu", "Daniele De Rossi", "Davide Ballardini", "Davide Nicola", "Emiliano Bigica", "Eusebio Luca Di Francesco", "Fabio Cannavaro", "Fabio Grosso", "Fabio Liverani", "Fabio Pecchia", "Fabio Pisacane", "Filippo Inzaghi", "Francesc Fabregas Soler", "Francesco Calzona", "Gabriele Cioffi", "Gian Piero Gasperini", "Giovanni Martusciello", "Igor Tudor", "Ivan Juri\u0107", "Jos\u00e9 M\u00e1rio Dos Santos Mourinho F\u00e9lix", "Kosta Runjaic", "Luca Gotti", "Luciano Spalletti", "Marco Baroni", "Marco Giampaolo", "Massimiliano Allegri", "Massimo Brambilla", "Maurizio Sarri", "Oscar Hiljemark", "Paolo Montero", "Paolo Sammarco", "Paolo Vanoli", "Paolo Zanetti", "Patrick Vieira", "Paulo Alexandre Rodrigues Fonseca", "Paulo Manuel Carvalho De Sousa", "Raffaele Palladino", "Roberto D'Aversa", "Rudi Garcia", "Salvatore Bocchetti", "Simone Inzaghi", "Stefano Colantuono", "Stefano Pioli", "S\u00e9rgio Paulo Marceneiro Da Concei\u00e7\u00e3o", "Thiago Motta", "Vincenzo Italiano", "Walter Mazzarri"], ["Alberto Gilardino", "Alessandro Nesta", "Alessio Dionisi", "Andrea Sottil", "Antonio Conte", "Aurelio Andreazzoli", "Bernardo Corradi", "Carlos Garcia Cuesta", "Cesc F\u00e0bregas", "Claudio Ranieri", "Cristian Eugen Chivu", "Daniele De Rossi", "Davide Ballardini", "Davide Nicola", "Emiliano Bigica", "Eusebio Luca Di Francesco", "Fabio Cannavaro", "Fabio Grosso", "Fabio Liverani", "Fabio Pecchia", "Fabio Pisacane", "Filippo Inzaghi", "Francesc Fabregas Soler", "Francesco Calzona", "Gabriele Cioffi", "Gian Piero Gasperini", "Giovanni Martusciello", "Igor Tudor", "Ivan Juri\u0107", "Jos\u00e9 M\u00e1rio Dos Santos Mourinho F\u00e9lix", "Kosta Runjaic", "Luca Gotti", "Luciano Spalletti", "Marco Baroni", "Marco Giampaolo", "Massimiliano Allegri", "Massimo Brambilla", "Maurizio Sarri", "Oscar Hiljemark", "Paolo Montero", "Paolo Sammarco", "Paolo Vanoli", "Paolo Zanetti", "Patrick Vieira", "Paulo Alexandre Rodrigues Fonseca", "Paulo Manuel Carvalho De Sousa", "Raffaele Palladino", "Roberto D'Aversa", "Rudi Garcia", "Salvatore Bocchetti", "Simone Inzaghi", "Stefano Colantuono", "Stefano Pioli", "S\u00e9rgio Paulo Marceneiro Da Concei\u00e7\u00e3o", "Thiago Motta", "Vincenzo Italiano", "Walter Mazzarri"]]
