tree
version=v4
num_class=1
num_tree_per_iteration=1
label_index=0
max_feature_idx=105
objective=regression
feature_names=ruolo cambio_squadra presenze_cumulate_carriera_n1 fantamedia_lag1 gol_lag1 assist_lag1 bonus_netti_lag1 presenze_lag1 voto_medio_lag1 minuti_totali_lag1 xg_totale_lag1 xa_totale_lag1 shots_totali_lag1 presenze_titolare_lag1 ammonizioni_totali_lag1 espulsioni_totali_lag1 rigori_segnati_totali_lag1 rigori_sbagliati_totali_lag1 rigori_parati_totali_lag1 fantamedia_ma3 gol_ma3 assist_ma3 bonus_netti_ma3 presenze_ma3 voto_medio_ma3 minuti_totali_ma3 xg_totale_ma3 xa_totale_ma3 shots_totali_ma3 presenze_titolare_ma3 ammonizioni_totali_ma3 espulsioni_totali_ma3 rigori_segnati_totali_ma3 rigori_sbagliati_totali_ma3 rigori_parati_totali_ma3 fantamedia_std3 fantamedia_trend3 gol_std3 gol_trend3 assist_std3 assist_trend3 bonus_netti_std3 bonus_netti_trend3 presenze_std3 presenze_trend3 voto_medio_std3 voto_medio_trend3 minuti_totali_std3 minuti_totali_trend3 xg_totale_std3 xg_totale_trend3 xa_totale_std3 xa_totale_trend3 shots_totali_std3 shots_totali_trend3 presenze_titolare_std3 presenze_titolare_trend3 ammonizioni_totali_std3 ammonizioni_totali_trend3 espulsioni_totali_std3 espulsioni_totali_trend3 rigori_segnati_totali_std3 rigori_segnati_totali_trend3 rigori_sbagliati_totali_std3 rigori_sbagliati_totali_trend3 rigori_parati_totali_std3 rigori_parati_totali_trend3 fantamedia_career_mean gol_career_mean assist_career_mean bonus_netti_career_mean presenze_career_mean voto_medio_career_mean minuti_totali_career_mean xg_totale_career_mean xa_totale_career_mean shots_totali_career_mean presenze_titolare_career_mean ammonizioni_totali_career_mean espulsioni_totali_career_mean rigori_segnati_totali_career_mean rigori_sbagliati_totali_career_mean rigori_parati_totali_career_mean eta_n1 squadra_in_champions_n1 squadra_in_champions_target squadra_punti_finali_n1 squadra_posizione_finale_n1 squadra_nuova_punti_finali_n1 squadra_nuova_posizione_finale_n1 quotazione_iniziale_n1 quotazione_attuale_n1 fvm_n1 quotazione_iniziale_target infortuni_n1_count infortuni_n1_giorni_totali infortuni_career_count altezza_m nazionalita piede_dominante titolarita_forum media_voto_forum salute_forum bonus_forum consiglio_esperti_forum totale_forum
feature_infos=-1:2:1:0:3 [0:1] [1:7] [0.5:10] [0:28] [0:15] [-76:108] [1:38] [4:7] [0:3420] [0:32.399444118142128] [0:12.840456929057837] [0:208] [0:38] [0:15] [0:3] [0:14] [0:4] [0:4] [1:10] [0:28.5] [0:11] [-74.5:91.5] [1:38] [5:7] [0:3420] [0:27.531273673598964] [0:10.716328046595056] [0:191.5] [0:38] [0:14] [0:2] [0:8.5] [0:3] [0:3] [0:2.25] [-4.5:2.833333333333333] [0:11] [-11:22] [0:6.2360956446232354] [-11:11] [0:34.75] [-61.5:69.5] [0:18] [-32:36] [0:0.94981736037512643] [-1.3157894736842106:1] [0:1620] [-2895:3240] [0:10.681196013465524] [-8.6136132180690765:21.362392026931047] [0:4.9391173347830772] [-6.2035563364624977:9.8782346695661545] [0:49] [-63:98] [0:18] [-33:36] [0:5.5] [-9:11] [0:1.5] [-2:3] [0:4.714045207910317] [-6:7] [0:1.699673171197595] [-3:3] [0:2] [-3:4] [2.6666666666666665:10] [0:28.5] [0:11] [-74.5:91.5] [1:38] [5:7] [0:3420] [0:27.531273673598964] [0:9.9446295751258713] [0:191.5] [0:38] [0:14] [0:2] [0:8.5] [0:3] [0:3] [15:41] [0:1] [0:1] [14:92] [1:20] [31:92] [1:18] [1:49] [1:50] none [1:49] [0:7] [0:408] [0:14] [1.6299999999999999:2.02] -1:44:3:9:63:73:31:69:56:20:83:0:16:8:64:19:34:75:7:35:72:65:76:68:1:55:80:71:36:22:24:58:77:15:59:61:47:85:27:60:2:54:37:38:12:25:41:45:52:53:62:81:4:11:30:40:50:66:86 -1:2:1:0 none none none none none none
tree_sizes=1383 1489 1491 1463 1499 1457 1493 1454 1478 1508 1479 1465 1484 1494 1490 1496 1473 1500 1515 1475 1488 1508 1521 1521 1494 1471 1497 1502 1488 1488 1508 1582 1548 1558 1500 1500 1528 1531 1565 1533 1519 1558 1560 1509

Tree=0
num_leaves=15
num_cat=0
split_feature=24 93 93 6 87 8 52 71 24 19 51 75 30 88
split_gain=18.6281 4.3494 3.40481 2.65111 2.43373 1.51363 1.44805 1.07686 1.24391 0.953714 1.09328 0.80677 1.36915 0.80193
threshold=6.026927818506767 8.5000000000000018 22.500000000000004 -3.7499999999999996 8.5000000000000018 5.58477011494253 -0.006927174516022149 19.928571428571434 6.1599132932742995 5.3482142857142874 0.7514530524529397 0.41877739822181564 1.4166666666666667 39.500000000000007
decision_type=2 2 2 2 2 2 10 2 2 2 8 2 2 8
left_child=1 4 3 -2 -1 -6 7 8 -5 -7 11 12 -11 -3
right_child=2 13 -4 6 5 9 -8 -9 -10 10 -12 -13 -14 -15
leaf_value=5.9388694436245961 5.9530790651975245 5.9316233520937827 5.9555765692386613 5.9316067007517956 5.926079514769226 5.9463428391193922 5.9473656871341101 5.9438561342047116 5.9436857210373963 5.914458008123308 5.936186869438707 5.9334989233640849 5.9304166327832455 5.9425169045132353
leaf_weight=251 99 18 102 47 70 14.999999999999998 194 185 39 15.999999999999998 218 174 84 275
leaf_count=251 99 18 102 47 70 15 194 185 39 16 218 174 84 275
internal_value=5.94055 5.93661 5.94717 5.94565 5.93476 5.93297 5.94407 5.94171 5.93708 5.93392 5.93354 5.93144 5.92786 5.94185
internal_weight=1787 1121 666 564 828 577 465 271 86 507 492 274 100 293
internal_count=1787 1121 666 564 828 577 465 271 86 507 492 274 100 293
is_linear=0
shrinkage=1


Tree=1
num_leaves=15
num_cat=0
split_feature=24 3 93 6 19 72 11 87 7 27 48 75 75 48
split_gain=16.8437 3.64616 3.4114 2.63518 2.1124 1.6913 1.5047 0.925338 0.871015 0.862619 0.84626 0.727026 0.721341 0.830636
threshold=6.0037321746880581 6.056349206349207 22.500000000000004 -3.7499999999999996 4.9926470588235299 5.8394193683385032 4.1056243744678804 8.5000000000000018 2.5000000000000004 1.7370572937652471 -196.74999999999997 4.5416535499195261 0.41365200709551575 -557.49999999999989
decision_type=2 2 2 2 2 2 2 2 2 2 8 2 2 10
left_child=1 4 3 -2 -1 10 7 8 -5 -3 12 -4 13 -6
right_child=2 9 11 6 5 -7 -8 -9 -10 -11 -12 -13 -14 -15
leaf_value=0.0092294326983392242 0.011838065133900337 -0.0017384462055069075 0.0093948998567859893 -0.0082077199996759501 -0.011558393956649871 -0.0036666395178546612 0.0084073095192882027 -0.0013490600087294345 0.0041970931665273386 0.0035004960234236793 -0.0072616333909597324 0.017886925804018343 -0.0094223972144605161 -0.02668030247441493
leaf_weight=22 101 201 44 14.999999999999998 21 301 104 157 250 129 299 59 68 15.999999999999998
leaf_count=22 101 201 44 15 21 301 104 157 250 129 299 59 68 16
internal_value=-1.50941e-05 -0.00404923 0.00582612 0.00444077 -0.00602775 -0.00650386 0.00302037 0.00169278 0.00349493 0.000309504 -0.00861773 0.0142593 -0.0124794 -0.0180976
internal_weight=1787 1057 730 627 727 705 526 422 265 330 404 103 105 37
internal_count=1787 1057 730 627 727 705 526 422 265 330 404 103 105 37
is_linear=0
shrinkage=0.05


Tree=2
num_leaves=15
num_cat=0
split_feature=24 72 93 6 90 35 11 70 50 86 46 48 75 75
split_gain=15.2463 3.6627 2.823 2.00307 1.5404 1.41563 1.35156 1.08433 1.02342 0.798334 0.768211 0.715054 0.745719 0.568737
threshold=6.0359523809523816 5.8367129874331392 22.500000000000004 -3.7499999999999996 7.5000000000000009 0.39196778473682781 2.9882720094174151 1.7250000000000003 -0.89150686631910492 65.500000000000014 -0.14724736048265494 -108.49999999999999 0.41365200709551575 4.5416535499195261
decision_type=2 2 2 2 8 10 2 2 8 2 8 8 2 2
left_child=1 5 3 -2 8 7 9 11 -3 -5 -11 12 -1 -4
right_child=2 4 13 6 -6 -7 -8 -9 -10 10 -12 -13 -14 -15
leaf_value=-0.018595254985506043 0.011229968493919551 -0.016197794638574122 0.0093799341608592803 -0.00097056690053167664 0.0013610952022232608 0.0015785269983785433 0.0071803871704728024 -0.0026937917966450404 -0.0028466276338973504 -0.0059910454729106277 0.0057085141936815426 -0.0075517908069606945 -0.009432180751173292 0.016992579907242022
leaf_weight=34 97 14.999999999999998 42 165 326 45 149 85 333 15.999999999999998 114 243 64 59
leaf_count=34 97 15 42 165 326 45 149 85 333 16 114 243 64 59
internal_value=-1.43394e-05 -0.00347258 0.00615339 0.0047208 -0.00110857 -0.00685546 0.00329876 -0.00774637 -0.00342211 0.0013382 0.00426857 -0.00900582 -0.0126112 0.0138269
internal_weight=1787 1145 642 541 674 471 444 426 348 295 130 341 98 101
internal_count=1787 1145 642 541 674 471 444 426 348 295 130 341 98 101
is_linear=0
shrinkage=0.05


Tree=3
num_leaves=15
num_cat=0
split_feature=72 3 11 6 19 72 86 45 86 91 12 86 58 47
split_gain=13.7801 3.116 2.74799 2.19671 1.971 1.14262 0.994994 0.938468 0.921875 0.907224 0.825814 0.796362 0.919732 0.631351
threshold=6.003963350608637 5.8908730158730167 4.2653035558760175 -5.2499999999999991 5.1422255808440029 5.7711401952085195 65.500000000000014 0.16015618547424137 60.500000000000007 5.5000000000000009 18.500000000000004 53.000000000000007 2.2500000000000004 256.51015229472745
decision_type=2 2 2 2 2 2 2 10 2 10 2 2 10 10
left_child=1 4 3 -2 -1 11 -5 -4 10 -8 -3 12 -6 -12
right_child=2 8 7 6 5 -7 9 -9 -10 -11 13 -13 -14 -15
leaf_value=0.0077030580568437776 0.010650799891901324 -0.0045347775348676114 0.0084188171549855421 0.00014548347490643237 -0.012681370094073136 -0.0048212879338015435 -0.0029807378973571528 0.016460587877708561 0.0027774677650918176 0.0063417647846720441 -0.0031916841047738374 -0.004249165517372872 -0.0024998612522792361 0.0022824101169743967
leaf_weight=24 92 185 120 259 151 282 31 52 129 165 90 54 26 127
leaf_count=24 92 185 120 259 151 282 31 52 129 165 90 54 26 127
internal_value=-1.36224e-05 -0.00361619 0.00533762 0.00360428 -0.0063018 -0.006957 0.00217949 0.0108501 -0.000900237 0.00486729 -0.0020804 -0.00956423 -0.0111858 1.20485e-05
internal_weight=1787 1068 719 547 537 513 455 172 531 196 402 231 177 217
internal_count=1787 1068 719 547 537 513 455 172 531 196 402 231 177 217
is_linear=0
shrinkage=0.05


Tree=4
num_leaves=15
num_cat=0
split_feature=72 3 93 52 19 72 67 44 86 88 86 12 14 93
split_gain=12.4365 2.81219 2.72182 1.83096 1.78248 1.00616 0.930798 0.909001 0.831992 0.822393 0.752096 0.745297 0.677019 0.675413
threshold=6.003963350608637 5.8908730158730167 22.500000000000004 -0.042833304032683296 4.9926470588235299 5.7711401952085195 4.8827768528582611 -13.749999999999998 60.500000000000007 49.500000000000007 53.000000000000007 18.500000000000004 1.5000000000000002 3.5000000000000004
decision_type=2 2 2 10 2 2 2 8 2 10 2 2 2 2
left_child=1 4 3 7 -1 9 -5 -2 11 10 12 -3 13 -6
right_child=2 8 -4 6 5 -7 -8 -9 -10 -11 -12 -13 -14 -15
leaf_value=0.0086595181003212927 -0.010818530184527239 -0.0043080386546490773 0.012724596110405401 0.016083044341454904 -0.022954606563276192 -0.0045631774850271381 0.0058171142045677603 0.001790016476952348 0.0026385943909232549 0.001939806726295501 -0.0045014235492357437 1.1446089242550937e-05 -0.0095172134058719333 -0.010564979430901903
leaf_weight=20 14.999999999999998 185 100 24 22 285 276 304 129 15.999999999999998 51 217 121 22
leaf_count=20 15 185 100 24 22 285 276 304 129 16 51 217 121 22
internal_value=-1.29413e-05 -0.00343538 0.00507074 0.00383425 -0.00598671 -0.0065533 0.00663839 0.00119714 -0.000855225 -0.00899806 -0.00980827 -0.00197638 -0.0114486 -0.0167598
internal_weight=1787 1068 719 619 537 517 300 319 531 232 216 402 165 44
internal_count=1787 1068 719 619 537 517 300 319 531 232 216 402 165 44
is_linear=0
shrinkage=0.05


Tree=5
num_leaves=15
num_cat=0
split_feature=8 90 11 67 70 10 8 86 43 30 7 46 90 8
split_gain=11.2168 2.95467 1.93317 1.71904 1.40454 1.13657 1.01274 0.922788 0.855571 1.88433 0.84904 0.836474 0.823477 0.721478
threshold=6.0724789915966388 7.5000000000000009 5.0847575324587533 4.9377510841798502 -3.7083333333333326 0.87833349406719219 5.8732142857142859 60.500000000000007 4.9777156621411853 1.4166666666666667 22.500000000000004 -0.12449134990253438 22.500000000000004 5.573214285714287
decision_type=2 8 2 2 2 2 2 2 8 2 2 8 10 2
left_child=1 3 4 -1 -2 7 -3 8 9 -5 -6 -9 -8 -10
right_child=2 6 -4 5 10 -7 12 11 13 -11 -12 -13 -14 -15
leaf_value=0.010030232695862652 0.0099720319533454522 -0.0023693026598587442 0.012013009548695251 -0.025479273934309422 0.00016942792339250448 -0.0021155605476955515 0.0018057261907255024 -0.010690107613447167 -0.013029737007098214 -0.0081337257649087662 0.0051040180111142659 0.00063361245172005793 0.012848397365046872 -0.004893389160149835
leaf_weight=20 98 170 110 19 140 249 272 21 31 89 231 73 18 225
leaf_count=20 98 170 110 19 140 249 272 21 31 89 231 73 18 225
internal_value=0.000341866 -0.0024412 0.00604739 -0.00442552 0.0046482 -0.00483445 0.000694885 -0.00631262 -0.00745314 -0.0111853 0.00324191 -0.00189615 0.00249113 -0.00587865
internal_weight=1766 1187 579 727 469 707 460 458 364 108 371 94 290 256
internal_count=1766 1187 579 727 469 707 460 458 364 108 371 94 290 256
is_linear=0
shrinkage=0.05


Tree=6
num_leaves=15
num_cat=0
split_feature=8 72 11 90 70 35 48 56 7 95 86 44 70 12
split_gain=10.1232 2.71035 1.74468 1.32927 1.26759 1.07072 0.933132 0.958871 0.766259 0.706477 0.62434 0.602625 0.601593 0.589985
threshold=6.0724789915966388 5.8231492969396204 5.0847575324587533 8.5000000000000018 -3.7083333333333326 0.49971153469951279 -361.24999999999994 -5.7499999999999991 22.500000000000004 107.50000000000001 58.000000000000007 -11.749999999999998 1.7250000000000003 96.500000000000014
decision_type=2 2 2 8 2 10 8 10 2 2 2 8 2 2
left_child=1 5 4 9 -2 6 7 -1 -6 11 -5 -3 -8 -4
right_child=2 3 13 10 8 -7 12 -9 -10 -11 -12 -13 -14 -15
leaf_value=-0.008411805139039644 0.0094734301950963121 -0.011791441477835179 0.0090151514991053516 -0.00046251660270349909 0.0001609565445687622 0.004070194018142367 -0.0061126435213808457 -0.022545620966702703 0.0048488170835058499 -0.0118120614537283 0.0038601129676449509 -0.0015834096233011226 -0.00061910520035458069 0.017005843426467795
leaf_weight=60 98 14.999999999999998 77 159 140 27 254 14.999999999999998 231 19 176 400 62 33
leaf_count=60 98 15 77 159 140 27 254 15 231 19 176 400 62 33
internal_value=0.000324772 -0.00231914 0.00574502 -0.00055764 0.00441579 -0.00555979 -0.00622478 -0.0112386 0.00307981 -0.00238402 0.00180848 -0.00195237 -0.0050348 0.0114124
internal_weight=1766 1187 579 769 469 418 391 75 371 434 335 415 316 110
internal_count=1766 1187 579 769 469 418 391 75 371 434 335 415 316 110
is_linear=0
shrinkage=0.05


Tree=7
num_leaves=15
num_cat=0
split_feature=8 93 27 67 67 70 93 3 25 24 48 83 86 7
split_gain=9.13616 2.67875 1.58554 1.39825 1.28176 1.07452 0.903086 0.931295 0.837375 0.814992 0.788868 0.844204 0.760435 0.744544
threshold=6.0724789915966388 7.5000000000000009 4.9510759358915193 4.9377510841798502 5.8906866765480901 -3.7083333333333326 23.500000000000004 7.4171428571428581 2269.166666666667 6.1622397210632522 -303.24999999999994 23.500000000000004 62.000000000000007 22.500000000000004
decision_type=2 2 2 2 2 2 2 2 2 2 8 10 2 2
left_child=1 3 5 -1 10 -2 7 13 -8 -3 11 -5 -6 -7
right_child=2 9 -4 4 12 6 8 -9 -10 -11 -12 -13 -14 -15
leaf_value=0.0090055567584931863 0.0089997588036752948 0.00032864841932328439 0.011477685031043265 -0.020328092766816127 -0.0031732750353849239 -0.00014232273097150027 0.016457834131712014 -0.0072488652231792617 0.0031069660190648093 0.0092930215238421054 -0.0050324219260498163 -0.0079722010744483884 0.0030518717753077532 0.0048488826560905453
leaf_weight=20 98 416 92 17 235 120 23 24 24 27 336 74 62 198
leaf_count=20 98 416 92 17 235 120 23 24 24 27 336 74 62 198
internal_value=0.000308534 -0.00220318 0.00545777 -0.00403603 -0.0043963 0.00432054 0.00314171 0.00224862 0.00964037 0.00087501 -0.00615085 -0.0102804 -0.00187375 0.00296541
internal_weight=1766 1187 579 744 724 487 389 342 47 443 427 91 297 318
internal_count=1766 1187 579 744 724 487 389 342 47 443 427 91 297 318
is_linear=0
shrinkage=0.05


Tree=8
num_leaves=15
num_cat=0
split_feature=8 72 11 90 70 52 27 86 8 44 87 91 24 11
split_gain=8.24539 2.25189 1.44614 1.19452 1.03724 0.767174 0.837806 0.799028 0.7838 0.666953 0.666873 0.656828 0.621251 0.600998
threshold=6.0724789915966388 5.8331904836112427 5.0847575324587533 8.5000000000000018 -3.7083333333333326 0.20350687578320503 0.028841550888804055 60.500000000000007 5.58477011494253 -11.749999999999998 6.5000000000000009 18.500000000000004 6.1871183334680788 1.763478448148817
decision_type=2 2 2 8 2 8 2 2 2 8 2 10 2 2
left_child=1 5 4 9 -2 6 -1 8 -7 -3 11 -6 -5 -12
right_child=2 3 -4 12 10 7 -8 -9 -10 -11 13 -13 -14 -15
leaf_value=0.0042505738247806827 0.0085497709376053232 -0.011904815452940323 0.010344600935297257 0.0013103967183037842 0.0033171256912646642 -0.013515928569249809 -0.0080144492623074586 0.0043851955444552003 -0.0030704237500644507 -0.0017939742472916449 -0.0026069949634005257 0.010528148210141808 0.011123994025675689 0.0031873375750874401
leaf_weight=14.999999999999998 98 17 110 314 150 20 194 32 176 402 81 40 17 100
leaf_count=15 98 17 110 314 150 20 194 32 176 402 81 40 17 100
internal_value=0.000293107 -0.00209302 0.00518488 -0.000430649 0.00397471 -0.00494607 -0.00713418 -0.00294029 -0.00413629 -0.0022042 0.0027662 0.00483524 0.00181442 0.000594294
internal_weight=1766 1187 579 750 469 437 209 228 196 419 371 190 331 181
internal_count=1766 1187 579 750 469 437 209 228 196 419 371 190 331 181
is_linear=0
shrinkage=0.05


Tree=9
num_leaves=15
num_cat=0
split_feature=24 90 8 52 87 87 93 3 90 52 52 71 8 22
split_gain=7.4463 1.75425 1.74916 1.17298 0.791514 1.07286 0.813324 0.76544 0.903346 0.699354 0.652512 0.581558 0.999481 0.542808
threshold=6.0359523809523816 22.500000000000004 5.8768939393939403 -0.035020009381696547 10.500000000000002 15.500000000000002 3.5000000000000004 5.6550480769230775 6.5000000000000009 -0.077522227773442781 -1.3194236066192386 16.900000000000002 6.1617262423714045 1.0000000180025095e-35
decision_type=2 10 2 10 2 2 2 2 8 8 8 2 2 2
left_child=2 3 4 10 13 6 9 -4 -9 -6 -2 12 -12 -1
right_child=1 -3 7 -5 5 -7 -8 8 -10 -11 11 -13 -14 -15
leaf_value=-0.0039561381296615286 -0.0050339492855159367 0.010849990877521008 0.011054084308755895 0.0057365475306983419 -0.022251561433076859 -0.0023382519944574577 -0.0059850786064422077 -0.0027742622737735347 0.0014857359536368418 -0.0095012972762465089 -0.0092799490212066172 0.0034904683503844064 0.0039803162644966505 0.0010374568749131582
leaf_weight=118 37 94 14.999999999999998 281 14.999999999999998 161 164 224 280 38 27 181 30 101
leaf_count=118 37 94 15 281 15 161 164 224 280 38 27 181 30 101
internal_value=0.000278452 0.00453267 -0.00219937 0.00346464 -0.00404502 -0.00543078 -0.00772523 -7.63341e-05 -0.000407597 -0.0131099 0.00114316 0.00210347 -0.00230086 -0.00165316
internal_weight=1766 650 1116 556 597 378 217 519 504 53 275 238 57 219
internal_count=1766 650 1116 556 597 378 217 519 504 53 275 238 57 219
is_linear=0
shrinkage=0.05


Tree=10
num_leaves=15
num_cat=0
split_feature=24 93 71 91 44 95 86 8 45 11 23 75 11 76
split_gain=7.29012 2.01118 1.86685 1.14402 1.07421 0.856585 0.848228 0.894525 0.835627 0.80602 0.761123 0.629819 0.719638 0.728296
threshold=6.0359523809523816 6.5000000000000009 14.583333333333334 29.500000000000004 -9.7499999999999982 15.500000000000002 60.500000000000007 5.58477011494253 0.096408696472363622 0.21868600230664012 17.416666666666668 0.036294100573286359 3.0984610482119028 86.500000000000014
decision_type=2 2 2 10 10 2 2 2 8 2 2 2 2 2
left_child=1 6 4 11 5 -2 7 -1 9 10 -9 -4 -13 -14
right_child=2 -3 3 -5 -6 -7 -8 8 -10 -11 -12 12 13 -15
leaf_value=-0.010469943387494364 -0.0032751273696443868 -0.00033975506481186645 0.0086643337126200409 0.012926470594437318 0.0030189063465700318 -0.018082052133977414 -0.0007674696227507505 -0.020619442109018567 -0.0029718399212379492 -0.0053478625193283912 -0.0068252126546576621 0.0018546227048952897 0.0047276218785985633 0.013571173314186228
leaf_weight=77 28 505 75 43 39 14.999999999999998 116 20 271 102 20 238 169 27
leaf_count=77 28 505 75 43 39 15 116 20 271 102 20 238 169 27
internal_value=-0.000228811 -0.00267015 0.0040493 0.00509502 -0.00299021 -0.00844033 -0.00461214 -0.0055223 -0.00459986 -0.00770687 -0.0137223 0.00443343 0.00370228 0.00594587
internal_weight=1745 1111 634 552 82 43 606 490 413 142 40 509 434 196
internal_count=1745 1111 634 552 82 43 606 490 413 142 40 509 434 196
is_linear=0
shrinkage=0.05


Tree=11
num_leaves=15
num_cat=0
split_feature=24 27 7 90 53 8 67 85 7 54 76 30 86 86
split_gain=6.57934 1.84016 1.79827 1.22292 1.05061 1.00694 0.968179 0.80489 0.765222 0.638731 0.749338 0.662057 0.586228 0.561549
threshold=6.0359523809523816 1.7954006043728443 2.5000000000000004 22.500000000000004 1.4571067811865477 5.58477011494253 5.3529389880952394 1.0000000180025095e-35 15.500000000000002 2.7500000000000004 8.4500000000000011 1.4166666666666667 50.500000000000007 51.500000000000007
decision_type=2 2 2 10 8 2 2 2 2 8 2 2 2 2
left_child=1 5 -2 4 -4 13 -7 9 -6 10 11 -8 -3 -1
right_child=2 12 3 -5 8 6 7 -9 -10 -11 -12 -13 -14 -15
leaf_value=-0.010753888716186648 -0.011303207415805542 -0.00082492753508041144 0.0074210175375995502 0.0096309292120049187 -0.0024530899369179879 0.0068334891805231267 -0.017991701834013357 0.001327414063317845 0.0031789950410259799 -0.0025775558339649605 -0.0036497398110090251 -0.0072864525910821005 0.0040065119982002967 -0.0020402331013465304
leaf_weight=71 19 154 123 92 74 24 17 81 326 366 171 96 106 25
leaf_count=71 19 154 123 92 74 24 17 81 326 366 171 96 106 25
internal_value=-0.000217371 -0.00253664 0.00384684 0.00431489 0.00337975 -0.00366141 -0.00304811 -0.00337254 0.00213706 -0.00395823 -0.00573755 -0.00889698 0.00114481 -0.00848471
internal_weight=1745 1111 634 615 523 851 755 731 400 650 284 113 260 96
internal_count=1745 1111 634 615 523 851 755 731 400 650 284 113 260 96
is_linear=0
shrinkage=0.05


Tree=12
num_leaves=15
num_cat=1
split_feature=93 70 91 87 8 1 88 88 0 96 69 45 27 12
split_gain=5.99692 3.21033 1.36575 1.00244 0.976352 0.792998 0.659936 0.5836 0.657764 0.65855 0.574666 0.552686 0.812577 0.520173
threshold=9.5000000000000018 -19.874999999999996 29.500000000000004 5.5000000000000009 5.58477011494253 1.0000000180025095e-35 38.500000000000007 55.500000000000007 0 3.5000000000000004 1.5357142857142858 0.085700892624822611 1.0867223486614728 11.500000000000002
decision_type=2 2 10 2 2 2 10 10 1 2 2 8 2 2
left_child=1 -1 5 13 -5 -2 10 8 9 -6 -7 12 -11 -3
right_child=2 3 -4 4 7 6 -8 -9 -10 11 -12 -13 -14 -15
leaf_value=0.0097567729031046227 0.0039086392658341787 -0.00176315506851975 0.012066173806273253 -0.0091740375709619751 -0.0034748107843203188 -0.01123118051116101 0.0018222119387949712 0.002975416181808604 -0.0019729535601683895 -0.015172647462565116 0.00081529931630939254 -0.0052136204229588281 -0.0027998071151638503 0.0034852854698380858
leaf_weight=51 478 145 44 79 196 22 97 35 365 44 18 82 19 70
leaf_count=51 478 145 44 79 196 22 97 35 365 44 18 82 19 70
internal_value=-0.000206502 -0.00248981 0.00355627 -0.00309326 -0.00389005 0.00294744 -0.000406248 -0.00332671 -0.00363914 -0.00521189 -0.00581026 -0.00791938 -0.0114412 -5.43605e-05
internal_weight=1745 1086 659 1035 820 615 137 741 706 341 40 145 63 215
internal_count=1745 1086 659 1035 820 615 137 741 706 341 40 145 63 215
cat_boundaries=0 1
cat_threshold=4
is_linear=0
shrinkage=0.05


Tree=13
num_leaves=15
num_cat=0
split_feature=93 70 93 11 1 96 87 68 7 49 93 51 13 88
split_gain=5.41393 2.89777 1.2516 0.951384 0.79239 0.738813 1.22944 0.719123 1.0975 0.746303 0.591687 0.558626 0.63559 0.529241
threshold=9.5000000000000018 -19.874999999999996 26.500000000000004 0.78529304172843706 1.0000000180025095e-35 2.5000000000000004 10.500000000000002 2.2678571428571432 3.5000000000000004 0.22381868875906688 3.5000000000000004 1.2157852491363885 4.5000000000000009 38.500000000000007
decision_type=2 2 2 2 2 2 2 2 2 10 2 10 2 10
left_child=1 -1 4 5 -2 6 -3 8 -7 -10 -11 12 -5 -6
right_child=2 3 -4 11 13 7 -8 -9 9 10 -12 -13 -14 -15
leaf_value=0.0092689343066155623 0.0036438189884754483 0.00061765104550623191 0.0099099954159817469 0.0067942787846550353 -0.0054552423983539756 -0.019962582049580915 -0.005721069944700668 0.0030049271509051327 -0.0031473939237881329 -0.015752649851431974 -0.0070351155543726994 0.0033687378938213504 -0.0023555968789448238 0.0013525753739621847
leaf_weight=51 458 152 66 20 41 14.999999999999998 154 20 117 24 103 58 372 94
leaf_count=51 458 152 66 20 41 15 154 20 117 24 103 58 372 94
internal_value=-0.000196743 -0.00236623 0.00337846 -0.00293955 0.00265151 -0.00426911 -0.00257242 -0.00612998 -0.00683538 -0.00602838 -0.00868252 -0.00121113 -0.00188877 -0.000714984
internal_weight=1745 1086 659 1035 593 585 306 279 259 244 127 450 392 135
internal_count=1745 1086 659 1035 593 585 306 279 259 244 127 450 392 135
is_linear=0
shrinkage=0.05


Tree=14
num_leaves=15
num_cat=0
split_feature=24 7 27 76 52 70 93 9 93 30 81 86 50 23
split_gain=4.99912 1.51088 1.40928 0.979735 0.890639 0.836871 0.76059 0.615722 0.937671 0.853047 0.517896 0.493088 0.476225 0.506579
threshold=6.0359523809523816 2.5000000000000004 1.7954006043728443 68.166666666666671 -0.19324657111428672 -7.6666666666666652 6.5000000000000009 29.500000000000004 1.5000000000000002 1.0000000180025095e-35 0.41428571428571431 50.500000000000007 0.81855003023520123 18.833333333333339
decision_type=2 2 2 2 10 2 2 2 2 2 2 2 10 2
left_child=2 -2 5 4 12 -1 7 -7 -9 -10 -8 -4 13 -3
right_child=1 3 11 -5 -6 6 10 8 9 -11 -12 -13 -14 -15
leaf_value=0.008134200039785355 -0.01053101378738096 -0.0024307628445184005 -0.00079332383730533463 0.0084538235920971552 0.0047674503520149514 0.0043029200046715383 -0.00087854236569536316 -0.012763916703074108 0.002901989580009525 -0.0049034365194070692 -0.0098647779757704817 0.0036377140251098133 -0.007452804613550303 0.0028700973883609379
leaf_weight=15.999999999999998 19 65 154 95 291 19 282 35 38 444 17 106 17 147
leaf_count=16 19 65 154 95 291 19 282 35 38 444 17 106 17 147
internal_value=-0.000186905 0.00335577 -0.00220856 0.00378479 0.0029318 -0.00319287 -0.00340992 -0.004537 -0.00486187 -0.00428807 -0.00138947 0.00101318 0.000599157 0.00124483
internal_weight=1745 634 1111 615 520 851 835 536 517 482 299 260 229 212
internal_count=1745 634 1111 615 520 851 835 536 517 482 299 260 229 212
is_linear=0
shrinkage=0.05


Tree=15
num_leaves=15
num_cat=0
split_feature=72 76 6 7 19 76 85 86 96 86 46 30 11 35
split_gain=4.37164 1.2948 1.15648 1.00151 0.991474 1.15654 0.820972 0.696844 0.69658 0.707542 0.663265 0.769269 0.450426 0.443986
threshold=6.0005681818181831 59.916666666666679 -2.7499999999999996 2.5000000000000004 5.1422255808440029 10.29166666666667 1.0000000180025095e-35 50.500000000000007 1.5000000000000002 38.500000000000007 0.10069930069930082 1.4166666666666667 3.4717243202030663 0.18840213000590778
decision_type=2 2 2 2 2 2 2 2 2 2 8 2 2 8
left_child=4 2 -2 -4 -1 8 12 -5 9 -6 11 -10 -7 -3
right_child=1 13 3 7 5 6 -8 -9 10 -11 -12 -13 -14 -15
leaf_value=0.0074775275811553013 0.0058548191987765246 0.00084539057128131404 -0.011849673849064858 -0.0018407183517698093 -0.0080435516857266381 -0.0022345320193332889 0.0044406494099005567 0.0023591555359939293 -0.016147568745509489 -0.00038967520152186964 -0.0030562046693493388 -0.0065193810323679368 0.0026880569093359207 0.0081698909974754017
leaf_weight=25 126 25 15.999999999999998 152 38 437 61 282 24 147 124 153 52 120
leaf_count=25 126 25 16 152 38 437 61 282 24 147 124 153 52 120
internal_value=-0.000320247 0.00268395 0.00162084 0.000435329 -0.00236174 -0.00259918 -0.00102879 0.000888232 -0.00437637 -0.00196182 -0.00586039 -0.0078249 -0.00171107 0.00690705
internal_weight=1782 721 576 450 1061 1036 550 434 486 185 301 177 489 145
internal_count=1782 721 576 450 1061 1036 550 434 486 185 301 177 489 145
is_linear=0
shrinkage=0.05


Tree=16
num_leaves=15
num_cat=0
split_feature=8 90 11 70 87 6 11 96 87 8 8 25 45 30
split_gain=4.18625 1.03645 0.87093 1.34578 1.07728 0.614267 0.688744 1.01593 0.661149 0.655678 0.57763 0.568375 0.553972 1.08002
threshold=6.0431677018633545 10.500000000000002 3.4717243202030663 -1.0000000180025095e-35 6.5000000000000009 -5.7499999999999991 0.49907406140118843 1.5000000000000002 10.500000000000002 5.58477011494253 5.8732142857142859 642.50000000000011 0.16015618547424137 1.4166666666666667
decision_type=2 8 2 2 2 2 2 2 2 2 2 2 8 2
left_child=1 5 3 -2 -5 -1 7 8 -7 -8 -3 -11 13 -9
right_child=2 10 -4 4 -6 6 9 12 -10 11 -12 -13 -14 -15
leaf_value=0.0049729235586710276 0.0058658736622405816 -0.0023929640925437045 0.0056322793822633612 0.0026637231824199925 -0.0032012116305386307 0.0018962377575351985 -0.010752475048648194 -0.018901485729623926 -0.004882299601699093 0.0050342258366365585 0.0026979431837731538 -0.0019726098904056673 -0.0038443454735291507 -0.0068424929727989988
leaf_weight=24 134 89 201 165 149 74 20 22 70 31 149 436 99 119
leaf_count=24 134 89 201 165 149 74 20 22 70 31 149 436 99 119
internal_value=-0.000304235 -0.00213839 0.00289776 0.00167089 -0.000119319 -0.00291823 -0.00313567 -0.00471906 -0.00139888 -0.00188716 0.000794201 -0.00150749 -0.00671116 -0.00872404
internal_weight=1782 1133 649 448 314 895 871 384 144 487 238 467 240 141
internal_count=1782 1133 649 448 314 895 871 384 144 487 238 467 240 141
is_linear=0
shrinkage=0.05


Tree=17
num_leaves=15
num_cat=0
split_feature=72 76 6 43 19 76 86 10 85 96 86 46 30 87
split_gain=3.57325 1.11587 0.971908 0.954206 0.851664 1.01013 0.786144 0.726993 0.720249 0.577422 0.617378 0.564419 0.645045 0.451076
threshold=6.0005681818181831 59.916666666666679 -2.7499999999999996 11.484883511361753 5.1422255808440029 10.29166666666667 50.500000000000007 0.21223682817071679 1.0000000180025095e-35 1.5000000000000002 38.500000000000007 0.10069930069930082 1.4166666666666667 4.5000000000000009
decision_type=2 2 2 10 2 2 2 2 2 2 2 8 2 2
left_child=4 2 -2 6 -1 9 7 -4 -7 10 -6 12 -11 -3
right_child=1 13 3 -5 5 8 -8 -9 -10 11 -12 -13 -14 -15
leaf_value=0.0069844832513481381 0.0053215454990434424 0.0094848283355531762 -0.012470405564333003 -0.009567220646726049 -0.0074983443807516443 -0.0015261963883782441 0.002466417391009508 -0.00086745799118135539 0.0042358048254486601 -0.014800144301261753 -0.00034875526024839609 -0.0027800039502307622 -0.0059835598851231478 0.003868581126673998
leaf_weight=25 126 64 14.999999999999998 23 38 489 277 135 61 24 147 124 153 81
leaf_count=25 126 64 15 23 38 489 277 135 61 24 147 124 153 81
internal_value=-0.000289023 0.00242703 0.00144011 0.000353308 -0.00213471 -0.00235477 0.000887669 -0.00202775 -0.000887138 -0.00401566 -0.00181732 -0.00536681 -0.00717903 0.00634748
internal_weight=1782 721 576 450 1061 1036 427 150 550 486 185 301 177 145
internal_count=1782 721 576 450 1061 1036 427 150 550 486 185 301 177 145
is_linear=0
shrinkage=0.05


Tree=18
num_leaves=15
num_cat=0
split_feature=8 93 67 93 11 70 86 83 85 91 30 8 10 74
split_gain=3.47939 0.917873 0.810088 0.863181 0.753352 1.15072 1.16957 0.668926 0.588183 0.556918 0.529536 0.465749 0.437549 0.575771
threshold=6.0431677018633545 9.5000000000000018 5.092180104900728 1.5000000000000002 3.4717243202030663 -1.0000000180025095e-35 65.500000000000014 22.500000000000004 1.0000000180025095e-35 5.5000000000000009 1.0000000180025095e-35 5.698214285714287 0.29937364999204874 0.70400627772323798
decision_type=2 2 2 2 2 2 2 10 2 10 2 2 2 2
left_child=1 2 -1 7 5 -2 9 -4 10 -7 -5 -3 13 -12
right_child=4 11 3 8 -6 6 -8 -9 -10 -11 12 -13 -14 -15
leaf_value=0.0051587933237897234 0.0053826247027435742 -0.0075995723189165205 -0.0049537869393015688 0.0023916001373436302 0.0051878447692629316 -0.01160712167256861 0.0030799230499601316 -0.01852570934065928 0.0012364557823898751 -0.0020549535848322985 -0.0043088135791761089 0.0015201543710039308 -0.0026085040032578794 -0.012162533197207032
leaf_weight=32 134 14.999999999999998 23 42 201 17 148 14.999999999999998 89 149 172 210 508 27
leaf_count=32 134 15 23 42 201 17 148 15 89 149 172 210 508 27
internal_value=-0.000274572 -0.00194672 -0.00265515 -0.00294059 0.0026446 0.00150355 -0.000151849 -0.0103111 -0.00260636 -0.00303319 -0.00306299 0.000912173 -0.00338702 -0.00537439
internal_weight=1782 1133 908 876 649 448 314 38 838 166 749 225 707 199
internal_count=1782 1133 908 876 649 448 314 38 838 166 749 225 707 199
is_linear=0
shrinkage=0.05


Tree=19
num_leaves=15
num_cat=0
split_feature=8 93 6 11 67 86 27 77 46 85 3 93 75 29
split_gain=3.15024 0.995231 0.734158 0.664256 0.961809 0.952237 0.609859 0.745683 0.667945 0.567186 0.483862 0.478397 1.08814 0.462268
threshold=6.0724789915966388 9.5000000000000018 -7.2499999999999991 3.4717243202030663 6.0002029220779223 65.500000000000014 0.764168973080814 7.9000000000000012 0.17638879801086177 1.0000000180025095e-35 7.4171428571428581 1.5000000000000002 0.022143507958389753 6.8333333333333348
decision_type=2 2 2 2 2 2 2 2 10 2 2 2 2 2
left_child=1 2 -1 4 -2 10 8 -8 11 -9 -6 12 -4 -3
right_child=3 13 6 -5 5 -7 7 9 -10 -11 -12 -13 -14 -15
leaf_value=0.0070051044764113616 0.0052192614807392516 -0.0070097335504696661 -0.0030267025471682877 0.0052839011420086329 -0.0018343139274899539 0.0029638616426607826 0.0063210144421706601 -0.0026615058918508451 0.0018825966344751498 0.0026586723409324758 -0.010452728757732795 -0.0039153459405913442 -0.019294729826095352 0.0015078081302037655
leaf_weight=20 126 17 26 183 114 129 30 332 46 59 19 411 17 253
leaf_count=20 126 17 26 183 114 129 30 332 46 59 19 411 17 253
internal_value=-0.000260843 -0.0017044 -0.0024722 0.00280071 0.00162951 -9.6853e-05 -0.002678 -0.00127584 -0.00385862 -0.00185872 -0.00306552 -0.00444033 -0.00945825 0.000971518
internal_weight=1782 1211 941 571 388 262 921 421 500 391 133 454 43 270
internal_count=1782 1211 941 571 388 262 921 421 500 391 133 454 43 270
is_linear=0
shrinkage=0.05


Tree=20
num_leaves=15
num_cat=0
split_feature=8 93 67 52 11 93 24 67 86 87 88 83 19 61
split_gain=2.84466 0.818188 0.750532 0.738523 0.727703 0.606759 0.508238 0.504788 0.484129 0.467795 0.451761 0.436046 0.429411 0.449483
threshold=6.0724789915966388 6.5000000000000009 4.8827768528582611 -0.077522227773442781 3.1577973240055148 1.5000000000000002 6.1904590670215676 6.6163145422739422 49.500000000000007 9.5000000000000018 39.500000000000007 22.500000000000004 5.0934588309007829 1.9428090415820636
decision_type=2 2 2 10 2 2 2 2 2 2 8 10 2 10
left_child=1 2 -1 4 7 11 10 -2 -7 -9 -3 -4 -5 -14
right_child=3 6 5 12 -6 8 -8 9 -10 -11 -12 -13 13 -15
leaf_value=0.0057352989052350707 0.0011494446570564688 -0.0062120703452577192 -0.0043776668987616351 0.0095030941327127662 0.0053612093317497063 -0.0035326324592038529 0.008794614194994211 -0.000638136397012406 -0.000461438969593764 -0.0092551692189382657 9.5524332116590159e-05 -0.014264483289451547 0.0033116439201382624 0.011685033537009185
leaf_weight=26 113 30 27 37 64 379 15.999999999999998 36 194 28 528 19 280 17
leaf_count=26 113 30 27 37 64 379 16 36 194 28 528 19 280 17
internal_value=2.62243e-06 -0.00136481 -0.00258681 0.00290158 0.000792062 -0.00293636 8.34245e-06 -0.000860059 -0.00249282 -0.00440809 -0.000243594 -0.00846135 0.00442371 0.00379093
internal_weight=1794 1219 645 575 241 619 574 177 573 64 558 46 334 297
internal_count=1794 1219 645 575 241 619 574 177 573 64 558 46 334 297
is_linear=0
shrinkage=0.05


Tree=21
num_leaves=15
num_cat=0
split_feature=8 72 52 11 28 90 42 35 70 67 24 87 57 97
split_gain=2.5673 0.75892 0.666517 0.656752 0.536121 0.51345 0.490004 0.486485 0.604505 0.455571 0.423243 0.422185 0.404639 0.550363
threshold=6.0724789915966388 5.8231492969396204 -0.077522227773442781 3.1577973240055148 60.416666666666679 1.5000000000000002 13.125000000000002 0.12913527851843917 7.6458333333333348 6.6163145422739422 6.1338141025641031 9.5000000000000018 2.4719640003162362 1.8150000000000002
decision_type=2 2 10 2 2 10 10 10 2 2 2 2 10 10
left_child=1 5 3 9 6 -1 -3 -7 -9 10 -2 -11 -4 -14
right_child=2 4 12 -5 -6 7 -8 8 -10 11 -12 -13 13 -15
leaf_value=0.0030812555098236774 -0.001784021777760548 -0.000518911776700821 0.0048625585496703122 0.0050931487531215682 0.0049773612341100079 -0.0050856103278344618 -0.0096474148333072669 -0.00053567205894955222 -0.010212787236863127 -0.00060622951584971615 0.0043478150518154205 -0.0087924107842679549 0.0072927714511752135 -0.0046523829046068218
leaf_weight=32 60 737 292 64 44 217 14.999999999999998 156 18 36 53 28 14.999999999999998 27
leaf_count=32 60 737 292 64 44 217 15 156 18 36 53 28 15 27
internal_value=2.4913e-06 -0.00129657 0.0027565 0.000752459 -0.000387117 -0.00300797 -0.000700996 -0.00350632 -0.00153675 -0.000817056 0.00109197 -0.00418768 0.00420253 -0.000386256
internal_weight=1794 1219 575 241 796 423 752 391 174 177 113 64 334 42
internal_count=1794 1219 575 241 796 423 752 391 174 177 113 64 334 42
is_linear=0
shrinkage=0.05


Tree=22
num_leaves=15
num_cat=0
split_feature=8 93 6 52 90 3 41 24 44 88 19 41 48 5
split_gain=2.31699 0.70909 0.67924 0.601532 0.602851 0.680417 0.646265 0.438634 0.438483 0.402422 0.382261 0.406717 0.365087 0.400502
threshold=6.0724789915966388 6.5000000000000009 -7.2499999999999991 -0.077522227773442781 22.500000000000004 7.4354166666666677 6.5659038382427592 6.1904590670215676 -14.749999999999998 39.500000000000007 5.0934588309007829 2.7644443333777562 -91.749999999999986 1.5000000000000002
decision_type=2 2 2 10 8 2 10 2 8 8 2 10 10 2
left_child=1 2 -1 4 5 -2 -6 9 -4 -3 -5 -12 -13 -14
right_child=3 7 8 10 6 -7 -8 -9 -10 -11 11 12 13 -15
leaf_value=0.0078040724940365187 0.00068989188641599202 -0.0058205926759789389 -0.0094044488976183158 0.0087848114390933034 0.014643525214244921 -0.0086114498532631183 0.00076023844119749574 0.0082090705400332808 -0.0023709509960578002 0.00013260307557698758 0.00039930748994598488 0.0084334742936102592 -0.00035620034682417142 0.0050148016363142662
leaf_weight=15.999999999999998 185 30 23 37 14.999999999999998 22 19 15.999999999999998 606 528 82 47 49 119
leaf_count=16 185 30 23 37 15 22 19 16 606 528 82 47 49 119
internal_value=2.36673e-06 -0.00123174 -0.00236935 0.00261867 0.000714836 -0.000298657 0.00688522 4.65885e-05 -0.00262814 -0.000187461 0.0039924 0.00339537 0.00453805 0.00344826
internal_weight=1794 1219 645 575 241 207 34 574 629 558 334 297 215 168
internal_count=1794 1219 645 575 241 207 34 574 629 558 334 297 215 168
is_linear=0
shrinkage=0.05


Tree=23
num_leaves=15
num_cat=1
split_feature=8 0 74 83 52 11 24 41 75 74 88 58 93 45
split_gain=2.09108 0.656075 0.601877 0.776216 0.542882 0.563994 0.474195 0.523119 0.464254 0.51253 0.425362 0.403747 0.434303 0.401625
threshold=6.0724789915966388 0 0.21487789554521444 32.500000000000007 -0.077522227773442781 3.1577973240055148 6.1928776465541189 6.3069241968353884 0.034140587978375402 4.9277056649526854 49.500000000000007 -1.0000000180025095e-35 10.500000000000002 0.14140009683755442
decision_type=2 1 2 10 10 2 2 8 2 2 10 10 2 10
left_child=1 2 -1 10 5 -2 7 8 -3 -10 -4 -9 -13 -14
right_child=4 6 3 -5 -6 -7 -8 11 9 -11 -12 12 13 -15
leaf_value=-0.005718898226143466 -0.00077536685195686377 0.008168179801820467 -0.0015523628207041954 -0.0092505170137531338 0.003792781483067944 0.0047015886109875284 0.0083922690129838891 -0.0009486336107151442 -0.00021226078038261679 0.0056838942738804262 0.0041471778253455542 -0.011130880698857998 0.0025731546280439947 -0.0077217126265168197
leaf_weight=114 177 21 361 31 334 64 15.999999999999998 237 301 42 36 22 20 18
leaf_count=114 177 21 361 31 334 64 16 237 301 42 36 22 20 18
internal_value=2.2484e-06 -0.00117015 -0.00244534 -0.00163054 0.00248774 0.000679094 -0.000111488 -0.000319014 0.000951552 0.000509717 -0.00103553 -0.00187621 -0.00554012 -0.00230336
internal_weight=1794 1219 542 428 575 241 677 661 364 343 397 297 60 38
internal_count=1794 1219 542 428 575 241 677 661 364 343 397 297 60 38
cat_boundaries=0 1
cat_threshold=4
is_linear=0
shrinkage=0.05


Tree=24
num_leaves=15
num_cat=0
split_feature=8 86 96 90 38 3 61 88 2 91 8 56 69 27
split_gain=1.8872 0.622591 0.586187 0.758288 0.583557 0.54524 0.565863 0.5228 0.557144 0.535948 0.470534 0.397414 0.391783 0.431
threshold=6.0724789915966388 58.000000000000007 1.5000000000000002 2.5000000000000004 1.0000000180025095e-35 4.6200213371266008 0.87965281125489481 50.500000000000007 3.5000000000000004 3.5000000000000004 5.58477011494253 18.500000000000004 0.4642857142857143 0.34523520370324451
decision_type=2 2 2 10 8 2 10 8 2 8 2 10 2 2
left_child=1 5 4 -4 -3 -1 10 -2 9 -9 12 -12 13 -7
right_child=7 2 3 -5 -6 6 -8 8 -10 -11 11 -13 -14 -15
leaf_value=0.0064683138965751577 -0.0032259016285817593 0.0057176757131209488 -0.012035620783766111 -0.00040276399749069794 -7.9632933625112197e-05 -0.0055282623211566646 0.0045210854758718803 -0.0066134813039465563 0.0048931944038189132 0.0020290604563331306 -0.0021737240265514131 0.0048112343863717152 -0.0021628270096912543 -0.01617136880910645
leaf_weight=19 39 83 14.999999999999998 212 91 26 31 19 196 321 672 21 34 14.999999999999998
leaf_count=19 39 83 15 212 91 26 31 19 196 321 672 21 34 15
internal_value=2.13597e-06 -0.00111165 0.000502245 -0.00117145 0.00268575 -0.00190281 -0.00210187 0.00236335 0.00277003 0.00154609 -0.0023692 -0.00196206 -0.00613122 -0.00942208
internal_weight=1794 1219 401 227 174 818 799 575 536 340 768 693 75 41
internal_count=1794 1219 401 227 174 818 799 575 536 340 768 693 75 41
is_linear=0
shrinkage=0.05


Tree=25
num_leaves=15
num_cat=0
split_feature=72 76 70 76 7 53 71 50 22 45 57 51 51 52
split_gain=1.95413 0.879352 0.843702 0.786999 0.61608 0.615444 0.523825 0.404366 0.426198 0.404442 0.62904 0.448994 0.39414 0.382259
threshold=6.003963350608637 70.166666666666671 -3.7083333333333326 8.4500000000000011 2.5000000000000004 1.4571067811865477 29.550000000000004 -0.39817284047603602 -0.29166666666666657 0.089711619162382808 1.9428090415820636 0.57727287816849915 0.77829522218575653 -0.65244303410872806
decision_type=2 2 2 2 2 8 2 8 2 8 10 8 10 8
left_child=2 4 -1 7 -2 -6 -3 -4 9 10 -9 -11 -8 -7
right_child=1 6 3 -5 5 13 12 8 -10 11 -12 -13 -14 -15
leaf_value=0.0067222293916969532 -0.0073370438325218862 0.014457232548910029 -0.009211917008672443 -0.0005794044515009865 0.0044887186470857288 -0.0021989538078452209 0.0097123816089991211 -0.013407444175598877 -0.0011918926073623628 -0.00019194516207790004 -0.0016204733805927009 -0.0058590921219559269 0.0020961313610611369 0.0014144704580865116
leaf_weight=31 20 17 28 647 140 91 26 28 174 64 19 77 49 374
leaf_count=31 20 17 28 647 140 91 26 28 174 64 19 77 49 374
internal_value=-5.03352e-05 0.00196875 -0.00140584 -0.00164882 0.00129694 0.00158236 0.00653267 -0.00342296 -0.0029752 -0.0046257 -0.0086425 -0.00328677 0.00473643 0.000707327
internal_weight=1785 717 1068 1037 625 605 92 390 362 188 47 141 75 465
internal_count=1785 717 1068 1037 625 605 92 390 362 188 47 141 75 465
is_linear=0
shrinkage=0.05


Tree=26
num_leaves=15
num_cat=0
split_feature=8 75 22 76 55 76 77 74 89 96 87 93 24 19
split_gain=1.81347 0.722663 0.70738 0.656474 0.630497 0.56458 0.561769 0.382518 0.375252 0.373465 0.519723 0.49826 0.348948 0.346581
threshold=6.1688596491228083 3.2975458765868102 -4.083333333333333 8.4500000000000011 9.3926685357369148 70.166666666666671 29.071428571428573 14.154697555738194 10.500000000000002 1.5000000000000002 7.5000000000000009 1.5000000000000002 5.7339377567054255 6.7583062770562776
decision_type=2 2 2 2 10 2 2 2 10 2 2 2 2 2
left_child=1 2 4 9 -1 13 -3 -7 -5 10 -4 -11 -12 -2
right_child=5 6 3 8 -6 7 -8 -9 -10 11 12 -13 -14 -15
leaf_value=0.0063059795041621293 0.0034299082812282965 0.0046454175217829725 0.0023612445798732104 -0.00023022063163117927 -0.0053053618843356774 0.01012875406764621 -0.0018139801303714551 0.0021401675782449867 -0.0035663592297244884 -0.013099391348659992 -0.0072106011530482465 -0.0037128579155191765 -0.0012284578776041815 -0.00029206575997303973
leaf_weight=53 191 99 63 691 14.999999999999998 43 51 23 96 14.999999999999998 38 246 68 93
leaf_count=53 191 99 63 691 15 43 51 23 96 15 38 246 68 93
internal_value=-4.78185e-05 -0.00083489 -0.00121825 -0.00149555 0.00374465 0.00317917 0.00244922 0.00734485 -0.00063717 -0.00306659 -0.00123538 -0.00425231 -0.003373 0.00221109
internal_weight=1785 1435 1285 1217 68 350 150 66 787 430 169 261 106 284
internal_count=1785 1435 1285 1217 68 350 150 66 787 430 169 261 106 284
is_linear=0
shrinkage=0.05


Tree=27
num_leaves=15
num_cat=0
split_feature=8 6 11 9 56 76 70 53 57 67 91 86 28 95
split_gain=1.63666 0.750737 0.944455 0.702002 0.607198 0.509533 0.518749 0.467268 0.459401 0.454572 0.664235 0.444641 0.614204 0.524059
threshold=6.1688596491228083 -5.7499999999999991 0.78529304172843706 607.50000000000011 -13.249999999999998 70.166666666666671 42.333333333333336 3.9293061504650386 1.9428090415820636 6.556349206349207 11.500000000000002 47.000000000000007 17.416666666666668 31.500000000000004
decision_type=2 2 2 2 8 2 2 10 10 2 10 2 2 2
left_child=1 -1 4 7 8 9 -7 -4 -3 -2 -11 12 -6 -13
right_child=5 2 3 -5 11 6 -8 -9 -10 10 -12 13 -14 -15
leaf_value=0.0043344961187037423 0.0037266609430509179 -0.015255481889471409 0.012988689344595461 -0.00022062480502820503 -0.0045169019452465193 0.010551434203516693 0.0014794189894858463 0.0012655552452676656 -0.0030756525167574488 -0.0091670124118940696 0.0013084215943480991 0.00080238031824577413 0.0015577821531915107 -0.0040281402320819504
leaf_weight=68 171 16.000000000000004 17 740 248 40 26 17 14.999999999999998 18 95 183 50 81
leaf_count=68 171 16 17 740 248 40 26 17 15 18 95 183 50 81
internal_value=-4.54276e-05 -0.000793145 -0.00104821 0.000102144 -0.00254969 0.00302021 0.00697761 0.00712712 -0.00936202 0.00210054 -0.000360232 -0.00217393 -0.00349766 -0.000679711
internal_weight=1785 1435 1367 774 593 350 66 34 31 284 113 562 298 264
internal_count=1785 1435 1367 774 593 350 66 34 31 284 113 562 298 264
is_linear=0
shrinkage=0.05


Tree=28
num_leaves=15
num_cat=0
split_feature=72 28 52 97 22 71 28 55 39 67 86 88 3 50
split_gain=1.48346 0.7056 0.598473 0.554837 0.603322 0.551237 0.542328 0.493674 0.50837 0.590033 0.416896 0.412895 0.412842 0.36699
threshold=6.003963350608637 59.250000000000007 -1.3194236066192386 1.7650000000000003 -4.083333333333333 29.291666666666668 12.16666666666667 11.100540382949655 1.0000000180025095e-35 6.6691163003663014 45.500000000000007 55.500000000000007 4.6715686274509816 -0.39817284047603602
decision_type=2 2 8 8 2 2 2 8 10 2 2 10 2 8
left_child=3 2 -2 5 -5 -1 11 12 9 -9 -11 13 -4 -6
right_child=1 -3 7 4 6 -7 -8 8 -10 10 -12 -13 -14 -15
leaf_value=0.0046354485452984985 -0.0046611406131308866 0.0049003396243538846 0.010296043287962676 0.0066231053449552178 -0.0078002186133884462 -0.0051896725626041501 -0.00047616953945237386 0.0024473585873813729 -0.0083121949667111037 -0.0095871908856289736 -0.00040177992234627407 0.0041826600395143037 0.0020818840106324064 -0.0027459239859282942
leaf_weight=69 44 140 15.999999999999998 22 39 18 446 98 20 21 30 20 348 454
leaf_count=69 44 140 16 22 39 18 446 98 20 21 30 20 348 454
internal_value=-4.31562e-05 0.00171604 0.000943423 -0.00122419 -0.00156358 0.00260266 -0.00175138 0.00140609 -0.000827143 0.000177562 -0.00418401 -0.00286005 0.00244295 -0.00314576
internal_weight=1785 717 577 1068 981 87 959 533 169 149 51 513 364 493
internal_count=1785 717 577 1068 981 87 959 533 169 149 51 513 364 493
is_linear=0
shrinkage=0.05


Tree=29
num_leaves=15
num_cat=0
split_feature=8 27 6 56 73 87 95 11 28 42 83 28 74 95
split_gain=1.37863 0.694972 0.824492 0.53665 0.559442 0.54942 0.769537 0.525613 0.482193 0.450919 0.436715 0.478738 0.635398 0.500996
threshold=6.1688596491228083 1.7954006043728443 -5.7499999999999991 -13.249999999999998 1384.8000000000002 10.500000000000002 24.500000000000004 0.10055034793913362 9.1666666666666696 0.5 30.500000000000004 5.416666666666667 0.10884654987603422 68.500000000000014
decision_type=2 2 2 8 2 2 2 2 2 8 10 2 2 2
left_child=1 2 -1 4 -4 6 -5 8 9 -7 11 12 -9 -13
right_child=-2 -3 3 5 -6 7 -8 10 -10 -11 -12 13 -14 -15
leaf_value=0.003929463174426928 0.002772634332768446 0.00099197789555978324 -0.015195927363820375 0.0013234289040139344 -0.0022788392624964837 0.00013857389179368815 -0.0031249091478252771 0.0016250638477056504 -0.014397620894014834 -0.0078874422730656254 -0.0060593762173084542 -0.0012816479870602923 -0.0079480189433804929 0.0044428622309604423
leaf_weight=67 350 417 14.999999999999998 273 19 30 151 26 14.999999999999998 42 56 226 52 46
leaf_count=67 350 417 15 273 19 30 151 26 15 42 56 226 52 46
internal_value=-4.09984e-05 -0.00072725 -0.00143149 -0.00180918 -0.00797755 -0.00158048 -0.000260767 -0.00271548 -0.0062423 -0.00454327 -0.00195973 -0.00130379 -0.00475699 -0.000313532
internal_weight=1785 1435 1018 951 34 917 424 493 87 72 406 350 78 272
internal_count=1785 1435 1018 951 34 917 424 493 87 72 406 350 78 272
is_linear=0
shrinkage=0.05


Tree=30
num_leaves=15
num_cat=1
split_feature=8 98 8 75 9 1 89 48 45 24 43 61 75 90
split_gain=1.09339 0.701354 0.901464 0.569407 0.552944 0.542539 0.572177 0.863542 0.450247 0.465082 0.399406 0.365548 0.345272 0.336472
threshold=6.2635233918128668 0 5.573214285714287 0.031278780102729754 232.00000000000003 1.0000000180025095e-35 10.500000000000002 716.75000000000011 0.23017134853495799 5.7073880481746864 3.0456030825826179 0.48570226039551589 3.0085919893878916 13.500000000000002
decision_type=2 9 2 2 2 2 8 10 10 2 10 8 2 10
left_child=1 2 10 -3 -5 8 11 12 9 -4 -1 -7 -8 -6
right_child=-2 3 5 4 13 6 7 -9 -10 -11 -12 -13 -14 -15
leaf_value=-0.0098029788430972868 0.0034988657290741334 0.0031706259944476187 -0.00427726797772905 -0.0095297884260966952 -0.0025990879698328789 0.0038127564569960721 -0.0023621561978280619 -0.012802200754614254 0.006338205501540667 0.0014954534126968759 -0.001574038389759759 -0.0030914165299551453 0.0047895492348623905 0.0013250176669316717
leaf_weight=29 207 50 37 26 373 73 151 19 45 612 30 26 19 64
leaf_count=29 207 50 37 26 373 73 151 19 45 612 30 26 19 64
internal_value=8.52141e-05 -0.0003695 0.000380303 -0.00186215 -0.00244586 0.000744609 -0.00107976 -0.00269273 0.0015017 0.00116635 -0.00561877 0.00199954 -0.00156285 -0.00202439
internal_weight=1761 1554 1041 513 463 982 288 189 694 649 59 99 170 437
internal_count=1761 1554 1041 513 463 982 288 189 694 649 59 99 170 437
cat_boundaries=0 3
cat_threshold=1671562 25169924 8865
is_linear=0
shrinkage=0.05


Tree=31
num_leaves=15
num_cat=1
split_feature=8 98 72 56 19 1 32 96 7 75 51 8 36 83
split_gain=0.986789 0.635276 0.9696 0.521727 0.580836 0.400395 0.468864 0.39215 0.36565 0.349395 0.345097 0.345034 0.327887 0.317562
threshold=6.2635233918128668 0 5.7577935340802995 -13.749999999999998 5.049350649350651 1.0000000180025095e-35 0.58333333333333337 8.5000000000000018 3.5000000000000004 0.022143507958389753 0.83349249395481206 6.1688596491228083 0.5708728652751428 23.500000000000004
decision_type=2 9 2 8 2 2 2 2 2 2 10 2 10 10
left_child=1 2 13 -3 -5 12 7 11 -2 -10 -6 -7 -4 -1
right_child=8 3 5 4 10 6 -8 -9 9 -11 -12 -13 -14 -15
leaf_value=-0.00056444712560067866 -0.0041944293041403097 -0.0093555907464840209 0.0014503849429333287 0.0078851047321222729 -0.0023216890116716754 9.8602240816524561e-05 -0.0066491051071227124 -0.0077103583390514055 0.0091840501046843003 0.003048479000572115 0.001770073230283619 0.0079652619486053795 0.0072932588662952191 -0.0050595781811218904
leaf_weight=67 14.999999999999998 22 607 15.999999999999998 407 197 29 14.999999999999998 27 165 59 14.999999999999998 25 95
leaf_count=67 15 22 607 16 407 197 29 15 27 165 59 15 25 95
internal_value=8.09534e-05 -0.000351025 0.000353454 -0.00179018 -0.00148202 0.00100579 -0.000662406 0.000102415 0.00332392 0.00391129 -0.00180363 0.000655206 0.00168151 -0.00320048
internal_weight=1761 1554 1050 504 482 888 256 227 207 192 466 212 632 162
internal_count=1761 1554 1050 504 482 888 256 227 207 192 466 212 632 162
cat_boundaries=0 3
cat_threshold=1671562 2155876356 8865
is_linear=0
shrinkage=0.05


Tree=32
num_leaves=15
num_cat=0
split_feature=8 67 28 55 44 86 96 45 50 9 6 29 76 7
split_gain=0.890577 0.667956 0.717194 0.465429 0.455394 0.456055 0.427444 0.407059 0.359681 0.474537 0.344245 0.479267 0.391444 0.329999
threshold=6.2635233918128668 4.8827768528582611 13.41666666666667 2.2586347517122234 -14.249999999999998 53.000000000000007 1.0000000180025095e-35 0.30046296296296299 0.22304849931970236 274.00000000000006 15.250000000000002 32.416666666666679 50.125000000000007 3.5000000000000004
decision_type=2 2 2 10 8 2 2 8 8 2 2 2 2 2
left_child=1 7 4 10 -3 8 -5 -1 9 -6 12 -12 -4 -2
right_child=13 2 3 6 5 -7 -8 -9 -10 -11 11 -13 -14 -15
leaf_value=0.0088841167646610455 -0.0039847080068041883 -0.0093331340504320039 -0.00065415098474131664 0.0042166692015732036 -0.012451261674868874 0.00017394732594660373 0.00066788405606162365 -0.00056909912317577339 -0.0012728820720070413 -0.0034123098575413687 -0.0066250775954686111 0.0033172002877108753 0.0076747088087722659 0.0037157290221633355
leaf_weight=31 14.999999999999998 19 237 109 15.999999999999998 257 383 18 246 157 50 15.999999999999998 14.999999999999998 192
leaf_count=31 15 19 237 109 16 257 383 18 246 157 50 16 15 192
internal_value=7.69057e-05 -0.000333474 -0.00052052 0.000490524 -0.00169886 -0.00148429 0.0014541 0.00541151 -0.00250139 -0.00424828 -0.00100029 -0.00421483 -0.000158386 0.00315773
internal_weight=1761 1554 1505 810 695 676 492 49 419 173 318 66 252 207
internal_count=1761 1554 1505 810 695 676 492 49 419 173 318 66 252 207
is_linear=0
shrinkage=0.05


Tree=33
num_leaves=15
num_cat=2
split_feature=11 6 98 72 22 1 88 9 99 42 74 9 24 37
split_gain=0.813943 0.683036 0.654484 0.742654 0.555912 0.524525 0.861182 0.46843 0.394871 0.572196 0.387397 0.386652 0.343731 0.452011
threshold=3.0984610482119028 -5.7499999999999991 0 5.7426526119952852 -1.9166666666666663 1.0000000180025095e-35 62.000000000000007 1936.5000000000002 1 2.3750000000000004 3.1170341883165147 29.500000000000004 5.84442501942502 0.48570226039551589
decision_type=2 2 9 2 2 2 10 2 9 10 2 2 2 8
left_child=1 -1 4 -4 7 11 12 -3 9 10 -2 -5 -7 -14
right_child=8 2 3 5 -6 6 -8 -9 -10 -11 -12 -13 13 -15
leaf_value=0.0030904031971952083 -0.00011666017545697592 -0.015774472023670869 -0.0033452240343824582 0.0081652474785713774 -0.0022788233094096148 0.00031350354960971123 0.0058967059474739738 -0.0032787416304927322 0.0030304487723312803 0.0040127252497208802 -0.011141008571447696 0.00092032119958978869 -0.00858875996588419 -0.0023926363519967708
leaf_weight=124 14.999999999999998 15.000000000000002 161 19 224 69 34 14.999999999999998 284 26 17 599 39 120
leaf_count=124 15 15 161 19 224 69 34 15 284 26 17 599 39 120
internal_value=7.30604e-05 -0.000454667 -0.000794117 -0.000220863 -0.00301612 0.000348243 -0.00152656 -0.00952661 0.00226266 -0.00149683 -0.00597335 0.00114306 -0.00263354 -0.00391244
internal_weight=1761 1419 1295 1041 254 880 262 30 342 58 32 618 228 159
internal_count=1761 1419 1295 1041 254 880 262 30 342 58 32 618 228 159
cat_boundaries=0 3 4
cat_threshold=2148008577 2147483664 6147 2
is_linear=0
shrinkage=0.05


Tree=34
num_leaves=15
num_cat=0
split_feature=8 67 28 57 35 3 5 67 45 40 26 75 35 97
split_gain=0.747716 0.577568 0.611517 0.436158 0.432987 0.421715 0.423017 0.398584 0.355992 0.350156 0.396582 0.362151 0.346374 0.341645
threshold=6.2635233918128668 4.8827768528582611 13.41666666666667 1.4571067811865477 0.62249241340724037 6.5065789473684221 4.5000000000000009 5.8873964803312644 0.30046296296296299 -1.2499999999999998 2.6530693314659106 3.7473369666840886 0.34131583384778191 1.7450000000000003
decision_type=2 2 2 10 10 2 2 2 8 10 2 2 10 10
left_child=1 8 4 5 7 -4 -7 12 -1 11 -11 -5 -3 -9
right_child=-2 2 3 9 -6 6 -8 13 -10 10 -12 -13 -14 -15
leaf_value=0.0082830208368719592 0.0028923298147617241 -0.0027542999348123404 0.00056188132384862833 -0.0042328532683686953 -0.0092223461820847459 -0.0037386474205891662 0.0026598152910992214 0.0048545023886783223 -0.00055736098567851723 0.0010007436695274128 0.0050631093993896148 0.0047002791456179699 0.0035679542904962663 -0.00056086515251081443
leaf_weight=31 207 373 345 39 18 134 32 33 18 137 107 15.999999999999998 23 248
leaf_count=31 207 373 345 39 18 134 32 33 18 137 107 16 23 248
internal_value=6.94074e-05 -0.000306619 -0.000480549 0.00045304 -0.00156862 -0.000434473 -0.00250521 -0.00136512 0.00503553 0.00196983 0.00278219 -0.00163412 -0.0023871 7.51033e-05
internal_weight=1761 1554 1505 810 695 511 166 677 49 299 244 55 396 281
internal_count=1761 1554 1505 810 695 511 166 677 49 299 244 55 396 281
is_linear=0
shrinkage=0.05


Tree=35
num_leaves=15
num_cat=1
split_feature=86 11 67 11 50 6 96 0 53 48 2 76 46 57
split_gain=0.956398 0.59718 0.445633 0.453612 0.449632 0.522066 0.418959 0.41074 0.337375 0.407658 0.308813 0.473185 0.345966 0.332958
threshold=50.500000000000007 3.0984610482119028 4.8827768528582611 0.10055034793913362 -0.39817284047603602 1.7500000000000002 2.5000000000000004 0 3.7117221962515146 359.75000000000006 3.5000000000000004 68.166666666666671 0.049260635198135012 1.4571067811865477
decision_type=2 2 2 2 8 2 2 1 8 10 2 2 8 10
left_child=2 6 -1 4 -4 -6 8 -8 9 -2 13 12 -12 -3
right_child=1 10 3 -5 5 -7 7 -9 -10 -11 11 -13 -14 -15
leaf_value=0.004083352687004476 0.0048689147471757781 0.00030742133573268449 -0.010314168538088385 -0.00087726987138969561 -0.0015576737492440055 -0.011485465796043476 0.0011970605201245886 -0.0026035944180296221 0.00032084903030828665 -0.0026103505727157676 -0.0012407221352784999 0.0103183315751855 0.006560840293144187 0.0062203625321274108
leaf_weight=39 106 93 23 760 113 14.999999999999998 116 161 208 22 27 34 30 32
leaf_count=39 106 93 23 760 113 15 116 161 208 22 27 34 30 32
internal_value=-6.75547e-05 0.00117349 -0.00115053 -0.00137459 -0.00387765 -0.00272109 0.000376882 -0.00106276 0.00156373 0.00358342 0.00343422 0.00564999 0.00286536 0.00182113
internal_weight=1779 829 950 911 151 128 613 277 336 128 216 91 57 125
internal_count=1779 829 950 911 151 128 613 277 336 128 216 91 57 125
cat_boundaries=0 1
cat_threshold=10
is_linear=0
shrinkage=0.05


Tree=36
num_leaves=15
num_cat=1
split_feature=86 3 11 72 52 72 96 23 25 98 97 77 36 11
split_gain=0.862486 0.656861 0.539381 0.423851 0.470363 0.390531 0.37888 0.399961 0.771694 0.374274 0.500536 0.451799 0.391574 0.321287
threshold=50.500000000000007 7.4354166666666677 3.0984610482119028 5.7577935340802995 0.11965339037124066 5.71889880952381 2.5000000000000004 18.833333333333339 1276.1666666666667 0 1.7950000000000002 9.1250000000000018 0.41137566137566145 0.057863201014697503
decision_type=2 2 2 2 8 2 2 2 2 9 8 2 8 2
left_child=1 3 6 4 5 -1 -2 8 -8 10 -5 12 -11 -9
right_child=2 -3 -4 9 -6 -7 7 13 -10 11 -12 -13 -14 -15
leaf_value=-0.0040415922834654344 0.0014855450967800046 -0.010833051578853937 0.0032625057237089133 0.0040151977287551264 -0.00098254445888302177 -0.012407449497388574 -0.0010135459007104049 0.0063934451621025807 -0.011140445923665539 -0.012678235862404109 -0.00024708441485065145 -0.00079758386985195699 -0.0032670521376920603 -0.000337803241876454
leaf_weight=62 336 17 216 86 121 18 76 20 25 14.999999999999998 346 243 42 156
leaf_count=62 336 17 216 86 121 18 76 20 25 15 346 243 42 156
internal_value=-6.45722e-05 -0.001093 0.00111396 -0.000915528 -0.00294926 -0.00592391 0.000356891 -0.00101216 -0.0035202 -0.000357086 0.000587819 -0.0016813 -0.00574368 0.000427111
internal_weight=1779 950 829 933 201 80 613 277 101 732 432 300 57 176
internal_count=1779 950 829 933 201 80 613 277 101 732 432 300 57 176
cat_boundaries=0 3
cat_threshold=2147483656 16781312 32
is_linear=0
shrinkage=0.05


Tree=37
num_leaves=15
num_cat=1
split_feature=86 3 98 36 89 72 50 71 1 44 86 13 72 7
split_gain=0.778394 0.592817 0.468587 0.573096 0.3986 0.448805 0.419223 0.397568 0.385326 0.441078 0.395651 0.377604 0.72527 0.374475
threshold=50.500000000000007 7.4354166666666677 0 0.12207880434782621 8.5000000000000018 5.7577935340802995 -0.39817284047603602 24.550000000000004 1.0000000180025095e-35 1.2500000000000002 44.500000000000007 4.5000000000000009 5.9333689458689474 2.5000000000000004
decision_type=2 2 9 10 8 2 8 2 2 10 2 2 2 2
left_child=1 4 3 -2 -1 6 -6 -8 10 -10 11 12 -7 -4
right_child=2 -3 13 -5 5 8 7 -9 9 -11 -12 -13 -14 -15
leaf_value=0.0027312402170754867 0.0010414473262547594 -0.010291398716542652 -0.0069797016533189706 0.0051222582961432638 -0.0088504820166894326 0.013127540631426704 -0.0015150687149083563 -0.010065856242241961 -0.00062505218079199126 -0.0055818067728312243 -0.0020629597098087435 0.00049557922079430537 -0.00027266856682810772 0.00020096369751000125
leaf_weight=71 276 17 19 125 29 18 145 14.999999999999998 122 71 138 301 23 409
leaf_count=71 276 17 19 125 29 18 145 15 122 71 138 301 23 409
internal_value=-6.13436e-05 -0.00103835 0.00105826 0.00225723 -0.000869751 -0.00116635 -0.00331924 -0.00231671 -0.000561752 -0.00244852 0.000196886 0.00110875 0.00561035 -0.000115115
internal_weight=1779 950 829 401 933 862 189 160 673 193 480 342 41 428
internal_count=1779 950 829 401 933 862 189 160 673 193 480 342 41 428
cat_boundaries=0 3
cat_threshold=65674 8392704 1
is_linear=0
shrinkage=0.05


Tree=38
num_leaves=15
num_cat=1
split_feature=87 3 97 46 43 88 1 90 98 13 11 6 35 89
split_gain=0.703852 0.484396 0.465945 0.494467 0.443769 0.443428 0.406311 0.761991 0.517123 0.495849 0.452136 0.532267 0.403016 0.374637
threshold=8.5000000000000018 7.4171428571428581 1.7750000000000001 0.13163894928600817 12.013872850889575 55.500000000000007 1.0000000180025095e-35 1.5000000000000002 0 2.5000000000000004 0.061984598636627163 -1.7499999999999998 0.43903930303448707 17.500000000000004
decision_type=2 2 10 10 10 10 2 10 9 2 2 2 10 8
left_child=2 5 -1 4 -4 6 8 -8 -2 -9 11 -10 -12 -11
right_child=1 -3 3 -5 -6 -7 7 9 10 13 12 -13 -14 -15
leaf_value=0.0037626144734367291 0.0010246763734377074 -0.0081092082611892539 0.00014538937262201549 0.0036011283124766863 -0.0083080271200742569 0.0030369192137199284 0.0067497368785552686 -0.012203188397300741 0.00063959034420182253 -0.00128623823672145 -0.001504063161670103 -0.009808974035310232 0.0066981947980821136 -0.0053121160656372287
leaf_weight=133 323 23 523 108 15.999999999999998 71 20 14.999999999999998 19 150 234 34 15.999999999999998 94
leaf_count=133 323 23 523 108 16 71 20 15 19 150 234 34 16 94
internal_value=-5.82764e-05 -0.000937071 0.00106726 0.000513187 -0.000105547 -0.000768055 -0.00106657 -0.0026535 -0.00035929 -0.00337962 -0.00180873 -0.00606326 -0.000979119 -0.00283719
internal_weight=1779 999 780 647 539 976 905 279 626 259 303 53 250 244
internal_count=1779 999 780 647 539 976 905 279 626 259 303 53 250 244
cat_boundaries=0 3
cat_threshold=8 16781312 32
is_linear=0
shrinkage=0.05


Tree=39
num_leaves=15
num_cat=2
split_feature=98 86 0 8 31 3 42 9 49 6 88 1 86 57
split_gain=0.646109 0.620636 0.521539 0.435315 0.577198 0.413977 0.4113 0.401048 0.57466 0.557148 0.395287 0.49447 0.428186 0.382356
threshold=0 50.500000000000007 1 5.58477011494253 1.0000000180025095e-35 7.4171428571428581 4.1250000000000009 1408.5000000000002 0.23554612811255202 1.0000000180025095e-35 55.500000000000007 1.0000000180025095e-35 44.500000000000007 2.4719640003162362
decision_type=9 2 1 2 2 2 10 2 10 2 10 2 2 10
left_child=2 3 -1 4 -2 10 -3 8 -4 -10 11 12 -5 -13
right_child=1 6 7 5 -6 -7 -8 -9 9 -11 -12 13 -14 -15
leaf_value=0.00014394103398840145 -0.00083073417112852147 0.0010494965063011091 -0.0028464865531953082 0.0015635911165885388 -0.012156204990525214 -0.0083614755049347868 0.0043325557232347222 -0.0015460710479560981 -0.017279054247774185 -0.0052272544116104581 0.0043121538650884757 -0.001488906104176039 -0.0019928352002572302 -0.0076865049467111637
leaf_weight=220 30 481 67 313 18 14.999999999999998 119 135 17 22 50 146 116 30
leaf_count=220 30 481 67 313 18 15 119 135 17 22 50 146 116 30
internal_value=-5.50746e-05 0.00050986 -0.00164559 -0.000478118 -0.00507779 -0.000148589 0.00170064 -0.00321983 -0.00565527 -0.0104806 3.94922e-05 -0.00031362 0.000601947 -0.00254531
internal_weight=1779 1318 461 718 48 670 600 241 106 39 655 605 429 176
internal_count=1779 1318 461 718 48 670 600 241 106 39 655 605 429 176
cat_boundaries=0 3 4
cat_threshold=2153251585 2214592536 526610 10
is_linear=0
shrinkage=0.05


Tree=40
num_leaves=15
num_cat=2
split_feature=8 98 14 12 53 93 98 39 42 67 80 97 74 93
split_gain=0.73899 0.624415 0.608066 0.391734 0.405075 0.438985 0.417811 0.451004 0.382566 0.379887 0.330993 0.323429 0.313698 0.476046
threshold=6.2583426028921032 0 1.0000000180025095e-35 103.00000000000001 0.48570226039551589 1.5000000000000002 1 1.1236095644623239 -6.8749999999999991 7.8140440737423509 1.7083333333333337 1.905 6.4225055084874247 9.5000000000000018
decision_type=2 9 2 2 8 2 9 10 8 2 2 10 2 2
left_child=1 2 -1 4 5 -3 7 -6 -4 10 -2 -10 13 -8
right_child=9 3 8 -5 6 -7 12 -9 11 -11 -12 -13 -14 -15
leaf_value=-0.0097560287561334145 0.0027247005178563646 0.0083130865651972804 0.0050599828129634268 0.0073449923320569937 0.0011174244848761435 0.00089012348342794876 -0.0010391749211147844 0.009179721901785922 -0.0017424778641412959 -0.0033191626504286316 0.0092513932423158134 -0.0077474314755258651 -0.0039519510889835094 0.0013201457675820162
leaf_weight=28 166 28 18 18 82 69 791 22 163 23 22 26 66 293
leaf_count=28 166 28 18 18 82 69 791 22 163 23 22 26 66 293
internal_value=-3.53124e-05 -0.000401236 -0.00272468 1.73779e-05 -8.01227e-05 0.00303283 -0.000320918 0.00257529 -0.0019052 0.0027464 0.00348846 -0.00256856 -0.000600012 -0.000401462
internal_weight=1815 1604 235 1369 1351 97 1254 104 207 211 188 189 1150 1084
internal_count=1815 1604 235 1369 1351 97 1254 104 207 211 188 189 1150 1084
cat_boundaries=0 3 5
cat_threshold=2152726529 67108868 592130 65546 671088640
is_linear=0
shrinkage=0.05


Tree=41
num_leaves=15
num_cat=1
split_feature=8 98 7 51 67 86 67 91 50 89 5 9 11 95
split_gain=0.666939 0.597223 0.462981 0.614923 0.406929 0.49773 0.342848 0.350238 0.342495 0.331686 0.331572 0.551526 0.307124 0.594354
threshold=6.2583426028921032 0 14.500000000000002 0.18969372507076793 4.8827768528582611 50.500000000000007 7.8140440737423509 31.500000000000004 0.21000149287283418 10.500000000000002 1.0000000180025095e-35 607.50000000000011 0.023283449932932802 7.5000000000000009
decision_type=2 9 2 8 2 2 2 10 8 8 2 2 2 2
left_child=1 2 3 -1 -3 9 7 -2 -7 -6 -11 -12 13 -10
right_child=6 4 -4 -5 5 8 -8 -9 12 10 11 -13 -14 -15
leaf_value=-0.014065847442926547 0.0026118007248870155 0.0046392574805118473 -0.0014923588031773008 -0.0030963854651557855 0.0020448860361666223 0.0020918910687439704 -0.0031532045838463564 0.009946292522363365 0.0019152034570773437 -0.0024679992395850296 0.007799186001066119 -0.00075252061475073297 0.0002536591555640214 -0.012160231343780956
leaf_weight=19 170 46 164 39 81 311 23 18 15.000000000000002 333 20 329 232 14.999999999999998
leaf_count=19 170 46 164 39 81 311 23 18 15 333 20 329 232 15
internal_value=-3.35468e-05 -0.000381174 -0.0027274 -0.00668983 1.53405e-05 -0.000143751 0.00260908 0.00331404 0.000969898 -0.000980083 -0.00133935 -0.000262451 -0.000361933 -0.00512251
internal_weight=1815 1604 222 58 1382 1336 211 188 573 763 682 349 262 30
internal_count=1815 1604 222 58 1382 1336 211 188 573 763 682 349 262 30
cat_boundaries=0 3
cat_threshold=2151677953 67108884 592146
is_linear=0
shrinkage=0.05


Tree=42
num_leaves=15
num_cat=2
split_feature=90 98 83 28 98 76 83 50 77 83 42 83 55 37
split_gain=0.636141 0.52815 0.526827 0.525494 0.403488 0.40095 0.426181 0.427863 0.434187 0.400671 0.406788 0.369895 0.363324 0.353496
threshold=22.500000000000004 0 19.500000000000004 0.41666666666666669 1 6.5500000000000007 22.500000000000004 0.20234025176614523 13.91666666666667 20.500000000000004 -12.749999999999998 30.500000000000004 3.9293061504650386 2.8479344402135336
decision_type=10 9 10 2 9 2 10 8 2 8 8 8 10 10
left_child=1 2 -1 9 12 6 -6 -8 -9 -3 -11 -7 -5 -2
right_child=13 3 -4 4 5 11 7 8 -10 10 -12 -13 -14 -15
leaf_value=-0.010856838416657411 0.0073537939334658272 -0.0035191866422170088 -0.0015741805162508692 0.00056728407798800617 0.00016215070130851087 0.0005474748969915347 -0.0016591681406781492 -0.0040683702737289041 -0.013026825125728335 -0.0033396218592921891 0.0055020515866962515 -0.0022291639673413656 0.0062944214668823415 0.001285635461057869
leaf_weight=15.999999999999998 42 19 342 72 108 718 81 38 21 14.999999999999998 98 144 45 56
leaf_count=16 42 19 342 72 108 718 81 38 21 15 98 144 45 56
internal_value=-3.18694e-05 -0.000255503 -0.001935 0.000199694 -0.000121321 -0.000422281 -0.00219775 -0.00401824 -0.00725697 0.0031988 0.00432838 8.3628e-05 0.00255192 0.00388627
internal_weight=1815 1717 358 1359 1227 1110 248 140 59 132 113 862 117 98
internal_count=1815 1717 358 1359 1227 1110 248 140 59 132 113 862 117 98
cat_boundaries=0 3 6
cat_threshold=2152726913 2214592532 526610 65546 134217728 128
is_linear=0
shrinkage=0.05


Tree=43
num_leaves=15
num_cat=0
split_feature=8 76 67 6 97 8 28 67 91 96 49 6 47 77
split_gain=0.564365 0.397422 0.402236 0.375919 0.33121 0.410213 0.367499 0.316428 0.309305 0.30351 0.433009 0.406319 0.395501 0.378583
threshold=6.2583426028921032 93.500000000000014 4.8827768528582611 36.250000000000007 1.7750000000000001 6.2279220779220799 60.166666666666679 7.8140440737423509 31.500000000000004 1.0000000180025095e-35 0.38991326787226055 5.7500000000000009 1111.1404345544627 26.366666666666667
decision_type=2 2 2 2 10 2 2 2 10 2 8 2 10 2
left_child=1 2 -1 4 -4 6 9 8 -2 10 -6 12 -11 -13
right_child=7 -3 3 -5 5 -7 -8 -9 -10 11 -12 13 -14 -15
leaf_value=0.004002270052192866 0.0024179807799758722 0.0054500387090354648 0.0012504799211488027 -0.0074098845594562594 0.0034073798468022653 -0.0064117998557776451 0.004163033577098854 -0.0031351527604071994 0.0093105584027297385 -0.0016923142776097706 -0.0007214402367514218 0.0016205123015138921 -0.0099000270540515588 -0.0037711249978747219
leaf_weight=49 170 29 227 20 92 32 38 23 18 682 205 175 14.999999999999998 40
leaf_count=49 170 29 227 20 92 32 38 23 18 682 205 175 15 40
internal_value=-3.02759e-05 -0.000350056 -0.000456851 -0.000600034 -0.000509597 -0.00082198 -0.000678537 0.00240066 0.00307791 -0.000830712 0.000557521 -0.0012828 -0.00186895 0.000617417
internal_weight=1815 1604 1575 1526 1506 1279 1247 211 188 1209 297 912 697 215
internal_count=1815 1604 1575 1526 1506 1279 1247 211 188 1209 297 912 697 215
is_linear=0
shrinkage=0.05


end of trees

feature_importances:
voto_medio_lag1=39
squadra_punti_finali_n1=32
xa_totale_lag1=27
quotazione_iniziale_target=27
fantamedia_career_mean=21
voto_medio_career_mean=19
bonus_netti_lag1=18
voto_medio_ma3=17
shots_totali_career_mean=16
squadra_posizione_finale_n1=15
quotazione_iniziale_n1=15
fantamedia_lag1=14
presenze_lag1=14
xa_totale_trend3=14
bonus_netti_career_mean=14
xa_totale_career_mean=13
squadra_nuova_punti_finali_n1=13
infortuni_career_count=12
nazionalita=12
fantamedia_ma3=10
shots_totali_ma3=10
eta_n1=10
xa_totale_ma3=9
voto_medio_std3=9
xg_totale_trend3=9
quotazione_attuale_n1=9
cambio_squadra=8
minuti_totali_lag1=8
ammonizioni_totali_ma3=8
minuti_totali_trend3=8
fantamedia_std3=7
presenze_trend3=7
voto_medio_trend3=7
xg_totale_career_mean=7
altezza_m=7
bonus_netti_trend3=6
xa_totale_std3=6
ammonizioni_totali_std3=6
presenze_career_mean=6
infortuni_n1_giorni_totali=6
shots_totali_lag1=5
bonus_netti_ma3=5
shots_totali_std3=5
presenze_titolare_trend3=5
presenze_titolare_career_mean=5
squadra_in_champions_target=5
squadra_nuova_posizione_finale_n1=5
ruolo=4
presenze_std3=4
presenze_titolare_std3=4
assist_lag1=3
xg_totale_lag1=3
presenze_titolare_lag1=3
presenze_ma3=3
minuti_totali_ma3=3
fantamedia_trend3=3
bonus_netti_std3=3
xg_totale_std3=3
rigori_segnati_totali_std3=3
presenze_cumulate_carriera_n1=2
ammonizioni_totali_lag1=2
presenze_titolare_ma3=2
gol_std3=2
assist_std3=2
minuti_totali_std3=2
ammonizioni_totali_trend3=2
assist_career_mean=2
xg_totale_ma3=1
espulsioni_totali_ma3=1
rigori_segnati_totali_ma3=1
gol_trend3=1
assist_trend3=1
shots_totali_trend3=1
gol_career_mean=1
minuti_totali_career_mean=1
rigori_segnati_totali_career_mean=1
rigori_sbagliati_totali_career_mean=1
piede_dominante=1

parameters:
[boosting: gbdt]
[objective: regression]
[metric: l1]
[tree_learner: serial]
[device_type: cpu]
[data_sample_strategy: bagging]
[data: ]
[valid: ]
[num_iterations: 1000]
[learning_rate: 0.05]
[num_leaves: 15]
[num_threads: 0]
[seed: 42]
[deterministic: 0]
[force_col_wise: 0]
[force_row_wise: 0]
[histogram_pool_size: -1]
[max_depth: -1]
[min_data_in_leaf: 15]
[min_sum_hessian_in_leaf: 0.001]
[bagging_fraction: 0.85]
[pos_bagging_fraction: 1]
[neg_bagging_fraction: 1]
[bagging_freq: 5]
[bagging_seed: 400]
[bagging_by_query: 0]
[feature_fraction: 0.85]
[feature_fraction_bynode: 1]
[feature_fraction_seed: 30056]
[extra_trees: 0]
[extra_seed: 12879]
[early_stopping_round: 0]
[early_stopping_min_delta: 0]
[first_metric_only: 0]
[max_delta_step: 0]
[lambda_l1: 0]
[lambda_l2: 0]
[linear_lambda: 0]
[min_gain_to_split: 0]
[drop_rate: 0.1]
[max_drop: 50]
[skip_drop: 0.5]
[xgboost_dart_mode: 0]
[uniform_drop: 0]
[drop_seed: 17869]
[top_rate: 0.2]
[other_rate: 0.1]
[min_data_per_group: 100]
[max_cat_threshold: 32]
[cat_l2: 10]
[cat_smooth: 10]
[max_cat_to_onehot: 4]
[top_k: 20]
[monotone_constraints: ]
[monotone_constraints_method: basic]
[monotone_penalty: 0]
[feature_contri: ]
[forcedsplits_filename: ]
[refit_decay_rate: 0.9]
[cegb_tradeoff: 1]
[cegb_penalty_split: 0]
[cegb_penalty_feature_lazy: ]
[cegb_penalty_feature_coupled: ]
[path_smooth: 0]
[interaction_constraints: ]
[verbosity: -1]
[saved_feature_importance_type: 0]
[use_quantized_grad: 0]
[num_grad_quant_bins: 4]
[quant_train_renew_leaf: 0]
[stochastic_rounding: 1]
[linear_tree: 0]
[max_bin: 255]
[max_bin_by_feature: ]
[min_data_in_bin: 3]
[bin_construct_sample_cnt: 200000]
[data_random_seed: 175]
[is_enable_sparse: 1]
[enable_bundle: 1]
[use_missing: 1]
[zero_as_missing: 0]
[feature_pre_filter: 1]
[pre_partition: 0]
[two_round: 0]
[header: 0]
[label_column: ]
[weight_column: ]
[group_column: ]
[ignore_column: ]
[categorical_feature: 0,98,99]
[forcedbins_filename: ]
[precise_float_parser: 0]
[parser_config_file: ]
[objective_seed: 16083]
[num_class: 1]
[is_unbalance: 0]
[scale_pos_weight: 1]
[sigmoid: 1]
[boost_from_average: 1]
[reg_sqrt: 0]
[alpha: 0.9]
[fair_c: 1]
[poisson_max_delta_step: 0.7]
[tweedie_variance_power: 1.5]
[lambdarank_truncation_level: 30]
[lambdarank_norm: 1]
[label_gain: ]
[lambdarank_position_bias_regularization: 0]
[eval_at: ]
[multi_error_top_k: 1]
[auc_mu_weights: ]
[num_machines: 1]
[local_listen_port: 12400]
[time_out: 120]
[machine_list_filename: ]
[machines: ]
[gpu_platform_id: -1]
[gpu_device_id: -1]
[gpu_device_id_list: ]
[gpu_use_dp: 0]
[num_gpu: 1]

end of parameters

pandas_categorical:[["attaccante", "centrocampista", "difensore", "portiere"], ["Albania", "Algeria", "Angola", "Argentina", "Armenia", "Australia", "Austria", "Belgium", "Bosnia-Herzegovina", "Brazil", "Bulgaria", "Burkina Faso", "Cameroon", "Canada", "Central African Republic", "Chile", "Colombia", "Congo", "Costa Rica", "Cote d'Ivoire", "Croatia", "Cyprus", "Czech Republic", "DR Congo", "Denmark", "Ecuador", "Egypt", "England", "Equatorial Guinea", "Estonia", "Finland", "France", "Gabon", "Georgia", "Germany", "Ghana", "Greece", "Guinea", "Guinea-Bissau", "Hungary", "Iceland", "Indonesia", "Iraq", "Ireland", "Italy", "Japan", "Korea, North", "Kosovo", "Liechtenstein", "Lithuania", "Mali", "Martinique", "Mexico", "Moldova", "Montenegro", "Morocco", "Netherlands", "New Zealand", "Nigeria", "North Macedonia", "Norway", "Paraguay", "Peru", "Poland", "Portugal", "Romania", "Russia", "Scotland", "Senegal", "Serbia", "Sierra Leone", "Slovakia", "Slovenia", "Spain", "Suriname", "Sweden", "Switzerland", "The Gambia", "Togo", "Tunisia", "T\u00fcrkiye", "Ukraine", "United States", "Uruguay", "Uzbekistan", "Venezuela", "Wales", "Zambia", "Zimbabwe"], ["both", "left", "right"]]
