tree
version=v4
num_class=1
num_tree_per_iteration=1
label_index=0
max_feature_idx=49
objective=regression
feature_names=ruolo cambio_squadra presenze_cumulate_carriera_n1 fantamedia_lag1 gol_lag1 assist_lag1 bonus_netti_lag1 presenze_lag1 voto_medio_lag1 minuti_totali_lag1 xg_totale_lag1 xa_totale_lag1 shots_totali_lag1 fantamedia_ma3 gol_ma3 assist_ma3 bonus_netti_ma3 presenze_ma3 voto_medio_ma3 minuti_totali_ma3 xg_totale_ma3 xa_totale_ma3 shots_totali_ma3 fantamedia_career_mean gol_career_mean assist_career_mean bonus_netti_career_mean presenze_career_mean voto_medio_career_mean minuti_totali_career_mean xg_totale_career_mean xa_totale_career_mean shots_totali_career_mean eta_n1 squadra_in_champions_n1 squadra_in_champions_target squadra_punti_finali_n1 squadra_posizione_finale_n1 squadra_nuova_punti_finali_n1 squadra_nuova_posizione_finale_n1 quotazione_iniziale_n1 quotazione_attuale_n1 fvm_n1 quotazione_iniziale_target infortuni_n1_count infortuni_n1_giorni_totali infortuni_career_count altezza_m nazionalita piede_dominante
feature_infos=-1:2:1:0:3 [0:1] [1:7] [0.5:10] [0:28] [0:15] [-76:108] [1:38] [4:7] [0:3065] [0:10.599772159010172] [0:9.2656112750992179] [0:66] [1:10] [0:28.5] [0:11] [-74.5:91.5] [1:38] [5:7] [0:2984.5] [0:10.599772159010172] [0:7.8876863638870418] [0:66] [2.6666666666666665:10] [0:28.5] [0:11] [-74.5:91.5] [1:38] [5:7] [0:2251] [0:10.599772159010172] [0:5.2584575759246954] [0:66] [15:41] [0:1] [0:1] [14:92] [1:20] [31:92] [1:18] [1:49] [1:50] none [1:49] [0:7] [0:408] [0:14] [1.6299999999999999:2.02] -1:44:3:9:63:73:31:69:56:20:83:0:16:8:64:19:34:75:7:35:72:65:76:68:1:55:80:71:36:22:24:58:77:15:59:61:47:85:27:60:2:54:37:38:12:25:41:45:52:53:62:81:4:11:30:40:50:66:86 -1:2:1:0
tree_sizes=1366 1424 1412 1462 1426 1417 1445 1400 1436 1456 1400 1453 1435 1430 1466 1443 1431 1412 1431 1416 1435 1480 1458 1428 1478 1528 1508 1507 1482 1512 1467 1429 1433 1456 1461 1523 1493 1506 1472 1496 1430 1457 1532 1487 1495 1445 1424 1485 1463 1446 1477 1518 1519 1495 1510 1487 1484 1504

Tree=0
num_leaves=15
num_cat=0
split_feature=25 41 25 43 15 27 47 43 37 3 27 41 47 4
split_gain=1783.67 412.885 386.847 154.803 118.569 147.08 119.122 93.4382 65.1154 51.6725 51.5714 41.1429 38.8189 36.3196
threshold=2.7083333333333335 15.500000000000002 0.77500000000000013 23.500000000000004 5.166666666666667 33.45000000000001 1.8050000000000004 8.5000000000000018 12.500000000000002 6.1102430555555562 32.291666666666679 18.500000000000004 1.8150000000000002 8.5000000000000018
decision_type=2 10 2 2 2 2 10 2 2 2 2 10 10 2
left_child=2 9 -1 7 8 6 -6 -4 10 -2 11 -3 -9 -13
right_child=1 4 3 -5 5 -7 -8 12 -10 -11 -12 13 -14 -15
leaf_value=1.3429995095247176 1.393589132166227 1.4971605618729822 1.3709070130398755 1.5254073139844089 1.456089132166227 1.6998391401135131 1.6229369613629911 1.4339044474815423 1.418589132166227 1.455431237429385 1.4638272274043223 1.6452558051907225 1.3961459503480451 1.5482187617958567
leaf_weight=848 48 21 302 22 20 24 23 111 14.999999999999998 114 21 14.999999999999998 176 27
leaf_count=848 48 21 302 22 20 24 23 111 15 114 21 15 176 27
internal_value=1.38854 1.49389 1.36485 1.39518 1.54931 1.60068 1.54533 1.39032 1.51455 1.43711 1.53168 1.5543 1.41075 1.58287
internal_weight=1787 328 1459 611 166 67 43 589 99 162 84 63 287 42
internal_count=1787 328 1459 611 166 67 43 589 99 162 84 63 287 42
is_linear=0
shrinkage=1


Tree=1
num_leaves=15
num_cat=0
split_feature=15 6 3 5 43 36 15 14 15 2 15 13 28 28
split_gain=1592.86 332.026 299.43 187.805 91.642 89.9493 72.0578 60.9661 51.6114 42.3257 43.0486 39.3383 38.9868 35.339
threshold=2.8333333333333335 4.7500000000000009 6.4099025974025983 6.5000000000000009 25.500000000000004 41.500000000000007 0.83333333333333337 7.5833333333333348 0.83333333333333337 3.5000000000000004 3.8333333333333335 6.7923781947219455 6.1057502942473194 5.923194352343061
decision_type=2 2 2 2 2 2 2 2 2 2 2 2 2 2
left_child=1 6 13 5 8 -4 -1 11 -3 12 -11 -5 -7 -2
right_child=2 4 3 7 -6 9 -8 -9 -10 10 -12 -13 -14 -15
leaf_value=-0.045025591071891163 -0.0020888199166553779 -0.021962532886628357 0.015761489629745485 0.20479038493199783 0.11624513417482377 0.15806338621510402 -0.016016215100984447 0.25766914651311679 0.021766469726425774 0.081812798877557116 0.18184729802765345 0.10175216104835272 0.072893977671299334 0.054763851114889475
leaf_weight=760 41 89 25 22 22 18 298 29 279 14.999999999999998 38 15.999999999999998 53 82
leaf_count=760 41 89 25 22 22 18 298 29 279 15 38 16 53 82
internal_value=0.000522698 -0.0223182 0.0980849 0.133545 0.0171169 0.102282 -0.0368547 0.203072 0.0111907 0.119725 0.153536 0.161406 0.0944862 0.035813
internal_weight=1787 1448 339 216 390 149 1058 67 368 124 53 38 71 123
internal_count=1787 1448 339 216 390 149 1058 67 368 124 53 38 71 123
is_linear=0
shrinkage=0.05


Tree=2
num_leaves=15
num_cat=0
split_feature=25 41 25 6 5 37 27 46 33 33 3 8 5 33
split_gain=1457.42 344.263 317.002 126.845 124.719 59.7858 56.2363 45.8178 55.2189 48.239 42.7084 40.1886 34.2281 35.3164
threshold=2.7083333333333335 15.500000000000002 0.77500000000000013 9.2500000000000018 6.5000000000000009 12.500000000000002 33.45000000000001 3.5000000000000004 28.500000000000004 23.500000000000004 6.1102430555555562 6.2947860962566855 1.5000000000000002 24.500000000000004
decision_type=2 10 2 2 2 2 2 2 10 10 2 2 2 8
left_child=2 10 -1 12 5 7 -6 9 -9 -3 -2 -5 -4 -14
right_child=1 4 3 11 6 -7 -8 8 -10 -11 -12 -13 13 -15
leaf_value=-0.040696241427212954 0.0043130921199917797 0.0459135867331339 -0.020297945653186236 0.032891603049922127 0.16975584567377444 0.025368192885071042 0.27333813555538655 0.23936059851856795 0.11679310571402311 0.14084537241142245 0.060535715062890141 0.11337588473277933 0.036483642984839047 -0.011035653576254845
leaf_weight=848 48 23 257 177 38 15.999999999999998 20 17 20 32 114 17 68 92
leaf_count=848 48 23 257 177 38 16 20 17 20 32 114 17 68 92
internal_value=0.000496564 0.0957303 -0.0209131 0.00654376 0.146334 0.114574 0.205474 0.130088 0.173108 0.101147 0.0438772 0.0399443 -0.00899512 0.00916005
internal_weight=1787 328 1459 611 166 108 58 92 37 55 162 194 417 160
internal_count=1787 328 1459 611 166 108 58 92 37 55 162 194 417 160
is_linear=0
shrinkage=0.05


Tree=3
num_leaves=15
num_cat=0
split_feature=25 41 25 5 43 27 7 27 16 13 47 7 47 43
split_gain=1316.3 377.94 220.445 132.147 112.757 64.0963 62.43 96.31 51.2271 46.6534 45.9783 40.1105 33.055 30.8951
threshold=2.291666666666667 17.500000000000004 0.77500000000000013 6.5000000000000009 9.5000000000000018 33.45000000000001 26.500000000000004 28.083333333333339 20.791666666666668 6.2583553791887132 1.7850000000000004 34.500000000000007 1.7750000000000001 26.500000000000004
decision_type=2 10 2 2 2 2 2 2 2 2 10 2 10 2
left_child=2 9 -1 6 -4 13 -3 -8 -9 -2 -6 -11 -10 -5
right_child=1 3 4 5 10 -7 7 8 12 11 -12 -13 -14 -15
leaf_value=-0.03866143247182921 0.012987897291462472 0.015538053587079048 -0.016932153090452536 0.12377945404677165 0.066299609575540791 0.27643804779570352 0.22985655805643868 0.17644327869638801 0.13573642983101308 0.049303494140073872 0.015491445702088031 0.13539485320448877 0.05070246285293252 0.21773254474004111
leaf_weight=848 94 15.999999999999998 312 21 62 19 17 15.999999999999998 15.999999999999998 138 158 14.999999999999998 40 14.999999999999998
leaf_count=848 94 16 312 21 62 19 17 16 16 138 158 15 40 15
internal_value=0.000471734 0.0794902 -0.022833 0.139355 0.00239735 0.20214 0.106468 0.122815 0.0975413 0.0407112 0.0298101 0.0577438 0.0749979 0.162927
internal_weight=1787 407 1380 160 532 55 105 89 72 247 220 153 56 36
internal_count=1787 407 1380 160 532 55 105 89 72 247 220 153 56 36
is_linear=0
shrinkage=0.05


Tree=4
num_leaves=15
num_cat=0
split_feature=25 41 15 43 5 3 16 16 43 23 27 16 6 15
split_gain=1191.73 281.796 258.998 125.021 100.137 61.2351 51.4772 83.6077 62.0327 55.1066 45.2299 38.4869 29.8644 29.403
threshold=2.7083333333333335 15.500000000000002 0.83333333333333337 22.500000000000004 6.5000000000000009 6.0307765151515165 23.583333333333339 19.083333333333339 22.500000000000004 6.5974573671942096 33.45000000000001 6.416666666666667 -3.7499999999999996 6.8333333333333348
decision_type=2 10 2 2 2 2 2 2 2 2 2 2 2 2
left_child=2 11 12 5 6 -4 7 9 -8 -3 13 -2 -1 -6
right_child=1 4 3 -5 10 -7 8 -9 -10 -11 -12 -13 -14 -15
leaf_value=-0.056443632871676724 0.0074510847865524935 0.16694700837135315 -0.020044707274943029 0.11556398263573647 0.19081537240100177 0.01367448979438482 -0.0075460451085948288 0.21868744463659825 0.10847966070214171 0.043763121314670729 0.2462019293010235 0.058096392438249683 -0.032242111177577866 0.10173407066613437
leaf_weight=156 59 14.999999999999998 212 25 22 369 18 20 32 23 20 103 697 15.999999999999998
leaf_count=156 59 15 212 25 22 369 18 20 32 23 20 103 697 16
internal_value=0.000448148 0.0865649 -0.0189119 0.0060817 0.132348 0.00137076 0.103889 0.13594 0.0667104 0.0923883 0.18534 0.0396515 -0.0366682 0.153307
internal_weight=1787 328 1459 606 166 581 108 58 50 38 58 162 853 38
internal_count=1787 328 1459 606 166 581 108 58 50 38 58 162 853 38
is_linear=0
shrinkage=0.05


Tree=5
num_leaves=15
num_cat=0
split_feature=41 25 25 25 3 7 27 43 6 27 27 4 17 17
split_gain=1124.37 275.892 268.336 70.082 58.8281 55.2403 61.3735 54.0715 53.444 48.3518 48.6477 34.6105 28.9011 38.3988
threshold=15.500000000000002 1.0714285714285716 4.0833333333333348 2.5500000000000003 6.0685736677115996 27.500000000000004 32.291666666666679 22.500000000000004 4.7500000000000009 33.45000000000001 30.775000000000002 5.5000000000000009 21.833333333333339 28.583333333333339
decision_type=10 2 2 2 2 2 2 2 2 2 2 2 2 2
left_child=1 8 3 7 -3 -5 -7 -2 -1 10 -4 12 -6 -14
right_child=2 4 9 5 11 6 -8 -9 -10 -11 -12 -13 13 -15
leaf_value=-0.036315295801744432 0.011714945266763848 -0.0083547877426120073 0.17704478726855347 0.0052388597528139754 0.0076026932968769542 0.14586835945128568 0.048159670114517217 0.092067096422293368 -0.0028304426350455355 0.21671364318047251 0.088623147940130112 -0.038850849204593238 0.062843103412914714 0.01815587003217187
leaf_weight=873 83 174 35 14.999999999999998 81 45 25 28 138 28 28 18 109 86
leaf_count=873 83 174 35 15 81 45 25 28 138 28 28 18 109 86
internal_value=0.000522699 -0.0170519 0.0910901 0.0581473 0.0146882 0.0923135 0.110972 0.031984 -0.0317447 0.162044 0.137746 0.0283259 0.032707 0.0431349
internal_weight=1766 1479 287 196 468 85 70 111 1011 91 63 294 276 195
internal_count=1766 1479 287 196 468 85 70 111 1011 91 63 294 276 195
is_linear=0
shrinkage=0.05


Tree=6
num_leaves=15
num_cat=0
split_feature=41 25 25 25 37 3 18 4 24 8 6 8 5 6
split_gain=1014.74 248.993 242.173 66.2297 56.6366 53.4972 48.349 59.7507 73.8334 69.2125 48.3241 43.2759 34.0353 30.8117
threshold=15.500000000000002 1.0714285714285716 4.0833333333333348 0.92857142857142871 12.500000000000002 6.1014705882352951 6.1757204319190562 8.5000000000000018 10.775000000000002 6.218070652173914 3.2500000000000004 6.3204365079365088 4.5000000000000009 17.750000000000004
decision_type=10 2 2 2 2 2 2 2 2 2 2 2 2 2
left_child=1 10 3 -2 11 -3 -4 9 -9 -8 -1 12 -5 -7
right_child=2 5 6 4 -6 13 7 8 -10 -11 -12 -13 -14 -15
leaf_value=-0.03527937314964031 -0.026499523561109198 -0.0061365417713664244 0.23284837771207095 0.053166544486192013 0.015003265688816707 0.033373345544934277 0.17591461974661798 0.2686735514799754 0.12192637465661392 0.041660798915351432 -0.0068272597842164093 0.14239700424950572 0.12068171047916015 -0.025936579393843813
leaf_weight=829 22 194 15.999999999999998 84 42 250 15.999999999999998 14.999999999999998 20 24 182 24 24 24
leaf_count=829 22 194 16 84 42 250 16 15 20 24 182 24 24 24
internal_value=0.000496564 -0.0161993 0.0865356 0.0552399 0.0655748 0.0139538 0.153942 0.137108 0.184818 0.0953623 -0.0301574 0.0816657 0.0681699 0.0281783
internal_weight=1766 1479 287 196 174 468 91 75 35 40 1011 132 108 274
internal_count=1766 1479 287 196 174 468 91 75 35 40 1011 132 108 274
is_linear=0
shrinkage=0.05


Tree=7
num_leaves=15
num_cat=0
split_feature=25 41 6 25 43 25 33 7 8 8 16 45 1 16
split_gain=918.039 267.43 173.542 87.4887 51.3859 46.1854 44.3521 44.0112 41.9763 41.7291 37.3088 33.8009 30.6236 46.2376
threshold=2.4142857142857146 15.500000000000002 4.7500000000000009 4.5357142857142865 22.500000000000004 0.81666666666666676 30.500000000000004 26.500000000000004 5.9718253968253983 6.3204365079365088 20.791666666666668 16.500000000000004 1.0000000180025095e-35 10.583333333333334
decision_type=2 10 2 2 2 2 10 2 2 2 2 2 2 2
left_child=2 8 5 7 -4 -1 9 -3 -2 -5 -9 -12 13 -10
right_child=1 3 4 6 -6 -7 -8 10 12 -11 11 -13 -14 -15
leaf_value=-0.03526652173272201 0.0023899932053278797 0.015588531820103528 0.0065303984559499303 0.21852715482403126 0.079579862980888441 -0.01161717274994181 0.091410781951113185 0.13191747131003512 0.038675264038822869 0.13295175854823199 0.0989884294072787 0.010741797527846169 0.00090471677482128153 0.12068423670530321
leaf_weight=749 88 20 325 28 26 285 22 42 55 29 30 17 25 25
leaf_count=749 88 20 325 28 26 285 22 42 55 29 30 17 25 25
internal_value=0.000471736 0.0692051 -0.0184361 0.111649 0.0119415 -0.0287481 0.151714 0.0826107 0.0278611 0.174989 0.0976719 0.0670694 0.0492082 0.0643031
internal_weight=1766 381 1385 188 351 1034 79 109 193 57 89 47 105 80
internal_count=1766 381 1385 188 351 1034 79 109 193 57 89 47 105 80
is_linear=0
shrinkage=0.05


Tree=8
num_leaves=15
num_cat=0
split_feature=25 41 25 25 43 27 27 7 43 8 38 40 17 37
split_gain=828.531 241.356 155.045 79.1877 75.6765 62.9199 79.8258 49.9314 41.7542 37.8837 36.8155 34.8362 35.5375 32.3717
threshold=2.4142857142857146 15.500000000000002 0.81666666666666676 4.7750000000000012 22.500000000000004 33.45000000000001 30.775000000000002 26.500000000000004 9.5000000000000018 5.9718253968253983 55.500000000000007 8.5000000000000018 18.833333333333339 6.5000000000000009
decision_type=2 10 2 2 2 2 2 2 2 2 10 8 2 2
left_child=2 9 -1 7 8 6 -5 -3 -4 -2 13 12 -10 -9
right_child=1 3 4 5 -6 -7 -8 10 11 -11 -12 -13 -14 -15
leaf_value=-0.030806692207431763 0.0022704929452050816 0.013784193586219441 -0.011644330236372675 0.17808918906375767 0.096578524332670945 0.21897334442897276 0.044604129273267019 0.13884111981838942 -0.017199365595976512 0.046747811741772151 0.024906106789906821 0.0039621985973195828 0.071666951080163327 0.076603411720731318
leaf_weight=849 88 22 314 24 21 22 21 45 14.999999999999998 105 14.999999999999998 141 45 39
leaf_count=849 88 22 314 24 21 22 21 45 15 105 15 141 45 39
internal_value=0.000448149 0.0657449 -0.0175143 0.106066 0.00354015 0.149675 0.115796 0.0819192 -0.000253645 0.026468 0.0970604 0.0175408 0.0494504 0.109945
internal_weight=1766 381 1385 188 536 67 45 121 515 193 99 201 60 84
internal_count=1766 381 1385 188 536 67 45 121 515 193 99 201 60 84
is_linear=0
shrinkage=0.05


Tree=9
num_leaves=15
num_cat=1
split_feature=41 25 5 28 45 26 0 6 3 37 13 8 8 3
split_gain=748.992 188.12 180.423 49.155 47.0818 44.4828 42.6955 65.6272 44.0368 42.6421 49.5486 34.6111 72.5862 57.2683
threshold=15.500000000000002 1.0714285714285716 4.5000000000000009 6.1857416627153476 11.500000000000002 20.041666666666668 0 4.7500000000000009 6.4732142857142874 4.5000000000000009 6.3079499154767982 6.3015151515151517 6.4826762246117093 6.8082579185520373
decision_type=10 2 2 2 2 2 1 2 2 2 2 2 2 2
left_child=1 6 3 -2 11 -6 7 -1 -9 10 -3 13 -13 -4
right_child=2 9 4 -5 5 -7 -8 8 -10 -11 -12 12 -14 -15
leaf_value=-0.020391984715598738 0.02361667921199747 0.011130121426057009 0.11306805150525179 0.079142669086023923 0.14812052957713603 0.042160065214221297 -0.032037368249960112 0.074527543527739396 -0.021710196468565202 0.004323491081595421 0.081701021641492844 0.040742463443209143 0.1891205245628953 0.23998030439019202
leaf_weight=211 115 59 15.999999999999998 61 15.999999999999998 26 747 35 18 366 43 17 15.999999999999998 20
leaf_count=211 115 59 16 61 16 26 747 35 18 366 43 17 16 20
internal_value=0.000425741 -0.0139183 0.0743448 0.0428615 0.124264 0.082526 -0.0260508 -0.00760959 0.041843 0.0122911 0.0408806 0.14967 0.112683 0.183575
internal_weight=1766 1479 287 176 111 42 1011 264 53 468 102 69 33 36
internal_count=1766 1479 287 176 111 42 1011 264 53 468 102 69 33 36
cat_boundaries=0 1
cat_threshold=2
is_linear=0
shrinkage=0.05


Tree=10
num_leaves=15
num_cat=0
split_feature=25 43 25 6 34 47 37 23 5 41 40 44 26 43
split_gain=702.126 234.621 79.4235 67.8954 54.6326 48.5293 41.3994 33.2477 30.4859 34.2943 33.5102 44.1346 28.4838 32.5107
threshold=1.8452380952380951 16.500000000000004 4.5357142857142865 4.7500000000000009 1.0000000180025095e-35 1.7950000000000002 4.5000000000000009 6.86760085978836 4.5000000000000009 14.500000000000002 12.500000000000002 1.0000000180025095e-35 18.562500000000004 25.500000000000004
decision_type=2 2 2 2 2 8 2 2 2 10 10 2 2 2
left_child=3 8 6 -1 -4 -5 7 -3 10 -10 -2 -12 -8 -14
right_child=1 2 4 5 -6 -7 12 -9 9 -11 11 -13 13 -15
leaf_value=-0.026697875353296381 0.0062051028221240508 0.06682103567502716 0.184178762184456 0.054572903717819012 0.097460218071050597 -0.0068087323899800184 0.083303784087300312 0.1599205669892185 0.030386466909707949 0.10804722635518937 0.087872895039618024 0.014035805600229651 -0.031663175702928321 0.060832467459534349
leaf_weight=974 197 22 32 38 42 211 25 17 44 21 34 50 19 19
leaf_count=974 197 22 32 38 42 211 25 17 44 21 34 50 19 19
internal_value=-2.07217e-05 0.0485258 0.095526 -0.0207413 0.13496 0.00255875 0.0669169 0.107403 0.0246181 0.0554769 0.01748 0.0439222 0.0418541 0.0145846
internal_weight=1745 522 176 1223 74 249 102 39 346 65 281 84 63 38
internal_count=1745 522 176 1223 74 249 102 39 346 65 281 84 63 38
is_linear=0
shrinkage=0.05


Tree=11
num_leaves=15
num_cat=0
split_feature=25 43 25 5 3 28 18 6 17 16 43 5 28 3
split_gain=633.668 211.746 73.4713 63.3058 49.3806 48.0745 38.5392 46.8849 35.7325 35.041 31.6459 27.5136 32.6254 48.5739
threshold=1.8452380952380951 16.500000000000004 6.5833333333333348 1.5000000000000002 7.1950483091787456 6.0140389818616908 6.1757204319190562 40.750000000000007 30.583333333333339 8.0833333333333339 14.500000000000002 4.5000000000000009 6.120189995189997 6.4494906621392198
decision_type=2 2 2 2 2 2 2 2 2 2 2 2 2 2
left_child=3 11 5 9 -4 -3 8 -8 -7 -1 -5 -2 13 -13
right_child=1 2 4 10 -6 6 7 -9 -10 -11 -12 12 -14 -15
leaf_value=-0.026976664373844168 0.01660597993697295 -0.0092009502649307261 0.22540233433246615 0.00099210935452627761 0.10093560047885951 0.086407627630978825 0.0456959660150901 0.12291058139276825 0.18849573393662772 0.002931060935926 0.06477034587575041 0.031866849636038148 -0.01197112325889369 0.13246289293281735
leaf_weight=965 281 14.999999999999998 14.999999999999998 126 17 20 66 28 14.999999999999998 109 23 30 14.999999999999998 20
leaf_count=965 281 15 15 126 17 20 66 28 15 109 23 30 15 20
internal_value=-1.9685e-05 0.0460995 0.0907497 -0.0197042 0.159279 0.0755209 0.0853722 0.0686961 0.13016 -0.0239413 0.0108371 0.0233872 0.052703 0.0721053
internal_weight=1745 522 176 1223 32 144 129 94 35 1074 149 346 65 50
internal_count=1745 522 176 1223 32 144 129 94 35 1074 149 346 65 50
is_linear=0
shrinkage=0.05


Tree=12
num_leaves=15
num_cat=0
split_feature=25 41 25 25 45 3 14 3 36 1 7 33 16 40
split_gain=571.886 194.643 81.4454 58.9236 58.5127 55.8786 50.0077 36.8463 35.3422 29.8122 24.7288 31.5102 24.1006 22.3438
threshold=1.8452380952380951 18.500000000000004 4.6333333333333337 0.81666666666666676 20.500000000000004 7.0408333333333344 7.166666666666667 7.885135135135136 77.000000000000014 1.0000000180025095e-35 18.500000000000004 24.500000000000004 22.791666666666668 12.500000000000002
decision_type=2 10 2 2 2 2 2 2 2 2 2 10 2 10
left_child=3 13 4 -1 8 -4 9 -7 12 10 -5 -12 -3 -2
right_child=1 2 5 6 -6 7 -8 -9 -10 -11 11 -13 -14 -15
leaf_value=-0.02610159293894165 0.01424829306647914 0.10810443306341769 0.20056921024341134 -0.022563172245605126 0.006210275040939451 0.071203149465674714 0.076664800040031733 0.16366184760117905 0.15465276057521504 -0.029619740359116312 0.03469686438107774 -0.0063889840067852116 0.03568822013352204 0.040839780624798039
leaf_weight=842 239 20 20 72 34 33 19 15.999999999999998 14.999999999999998 101 84 105 27 118
leaf_count=842 239 20 20 72 34 33 19 16 15 101 84 105 27 118
internal_value=-1.87013e-05 0.0437945 0.0887048 -0.018719 0.058923 0.13014 -0.00240372 0.101394 0.08783 -0.00655373 0.0023722 0.0118714 0.0665036 0.0230376
internal_weight=1745 522 165 1223 96 69 381 49 62 362 261 189 47 357
internal_count=1745 522 165 1223 96 69 381 49 62 362 261 189 47 357
is_linear=0
shrinkage=0.05


Tree=13
num_leaves=15
num_cat=0
split_feature=25 41 25 6 45 3 6 47 36 24 13 16 37 18
split_gain=516.127 175.665 73.5044 53.6804 52.8077 50.7706 55.2943 40.4905 31.8963 31.831 23.8671 21.7508 21.6878 20.5589
threshold=1.8452380952380951 18.500000000000004 4.6333333333333337 3.2500000000000004 20.500000000000004 7.1950483091787456 40.750000000000007 1.7950000000000002 77.000000000000014 2.4142857142857146 5.499889429455993 22.791666666666668 6.5000000000000009 5.8000771604938288
decision_type=2 10 2 2 2 2 2 8 2 2 2 2 2 2
left_child=3 13 4 10 8 -4 -7 9 11 -5 -1 -3 -6 -2
right_child=1 2 5 7 12 6 -8 -9 -10 -11 -12 -13 -14 -15
leaf_value=-0.039857856717866819 0.075545790791511538 0.10269921270199121 0.18053270515799524 0.002572671324014664 0.050843519171079002 0.032644554600119592 0.14486263169218666 -0.0075689403380395153 0.14692012170950572 0.083188040088862186 -0.0197625849881953 0.033903809078037743 -0.029582151569622128 0.019202752649948442
leaf_weight=185 17 20 25 25 14.999999999999998 21 23 255 14.999999999999998 24 734 27 19 340
leaf_count=185 17 20 25 25 15 21 23 255 15 24 734 27 19 340
internal_value=-1.77662e-05 0.0416048 0.0842695 -0.0177831 0.0559769 0.123633 0.091304 0.000430099 0.0834385 0.0420577 -0.0238079 0.0631784 0.00589976 0.0218858
internal_weight=1745 522 165 1223 96 69 44 304 62 49 919 47 34 357
internal_count=1745 522 165 1223 96 69 44 304 62 49 919 47 34 357
is_linear=0
shrinkage=0.05


Tree=14
num_leaves=15
num_cat=0
split_feature=25 43 25 5 28 3 15 5 33 47 43 36 47 43
split_gain=465.805 160.031 57.0673 51.3346 41.3306 39.6124 35.9987 44.1 34.5016 32.4348 42.1803 29.272 32.7578 26.7245
threshold=1.8452380952380951 16.500000000000004 6.5833333333333348 1.5000000000000002 6.0140389818616908 7.1950483091787456 2.8333333333333335 6.5000000000000009 27.500000000000004 1.8050000000000004 9.5000000000000018 66.500000000000014 1.8250000000000004 14.500000000000002
decision_type=2 2 2 2 2 2 2 2 10 8 2 2 10 2
left_child=3 -2 4 9 -3 -4 -6 11 -9 10 -1 -8 -13 -5
right_child=1 2 5 13 6 -7 7 8 -10 -11 -12 12 -14 -15
leaf_value=-0.013133763440346681 0.01977963479103876 -0.013635288799802463 0.19796083533205092 0.001561384807739939 0.14184987036620869 0.086482501205276049 0.015389662617374034 0.16555258156731723 0.060000949228803314 -0.024814810746220516 0.047429056135671478 0.12767536274212249 0.035264309945738537 0.060170950319456018
leaf_weight=161 346 14.999999999999998 14.999999999999998 126 17 17 42 16.000000000000004 14.999999999999998 878 35 17 22 23
leaf_count=161 346 15 15 126 17 17 42 16 15 878 35 17 22 23
internal_value=-1.68779e-05 0.0395245 0.0783412 -0.0168939 0.0649197 0.138738 0.074054 0.0637635 0.114479 -0.0207094 -0.00231897 0.0443538 0.0755461 0.0106085
internal_weight=1745 522 176 1223 144 32 129 112 31 1074 196 81 39 149
internal_count=1745 522 176 1223 144 32 129 112 31 1074 196 81 39 149
is_linear=0
shrinkage=0.05


Tree=15
num_leaves=15
num_cat=0
split_feature=5 16 4 40 15 40 27 28 25 47 36 15 7 23
split_gain=368.441 138.269 42.4693 44.9616 39.4458 38.3997 54.011 36.6788 34.4549 31.0601 27.6717 26.624 24.5321 23.2499
threshold=4.5000000000000009 6.0833333333333348 6.5000000000000009 20.500000000000004 0.83333333333333337 24.500000000000004 31.916666666666668 6.2843711896765644 5.7083333333333348 1.8550000000000002 58.000000000000007 1.1666666666666667 32.500000000000007 6.5163652768799842
decision_type=2 2 2 10 2 10 2 2 2 8 2 2 2 2
left_child=1 4 3 8 -1 6 -4 9 13 10 12 -12 -3 -2
right_child=2 7 5 -5 -6 -7 -8 -9 -10 -11 11 -13 -14 -15
leaf_value=-0.024855258460389454 0.074772253581746065 -0.0036362725955353479 0.082198690846562394 0.12922674225022396 -0.0050384331860991779 0.056627238817788944 0.20771051009496053 0.072850273996591566 -0.018640573238107291 -0.0085506601719034861 0.086694030593270854 0.026860118080314594 0.04312412773465945 0.01273849732849909
leaf_weight=800 44 127 20 14.999999999999998 366 27 14.999999999999998 25 22 142 23 97 36 23
leaf_count=800 44 127 20 15 366 27 15 25 22 142 23 97 36 23
internal_value=-0.00226224 -0.00954898 0.0686737 0.0491469 -0.0186349 0.101428 0.135989 0.0139936 0.0356502 0.0105314 0.0201062 0.0383283 0.00669118 0.0534771
internal_weight=1782 1616 166 104 1166 62 35 450 89 425 283 120 163 67
internal_count=1782 1616 166 104 1166 62 35 450 89 425 283 120 163 67
is_linear=0
shrinkage=0.05


Tree=16
num_leaves=15
num_cat=0
split_feature=5 16 4 40 27 13 25 46 2 2 25 17 46 36
split_gain=332.518 124.787 38.3286 40.5778 36.2187 35.7223 33.6431 40.6131 32.4857 30.1533 28.3734 27.1893 27.0158 26.7711
threshold=4.5000000000000009 6.0833333333333348 6.5000000000000009 20.500000000000004 33.900000000000006 5.658584465195247 2.3666666666666667 4.5000000000000009 4.5000000000000009 3.5000000000000004 5.5500000000000007 28.833333333333339 1.5000000000000002 60.500000000000007
decision_type=2 2 2 10 2 2 2 2 2 2 2 2 2 2
left_child=1 5 3 8 11 -1 7 -3 10 12 -2 -4 -8 -11
right_child=2 6 4 -5 -6 -7 9 -9 -10 13 -12 -13 -14 -15
leaf_value=-0.032182255580734752 0.038188549796385425 0.0132532585209866 0.12126858134288342 0.12276540435850621 0.15173668995499612 -0.012413344081203329 0.045225230731854318 -0.031490386585055881 0.08089010779960798 0.027244247603965432 -0.032992069565114523 0.038427213214051265 -0.0093954387603194592 0.088802109368032581
leaf_weight=312 42 219 15.999999999999998 14.999999999999998 20 854 38 66 26 38 21 26 56 33
leaf_count=312 42 219 16 15 20 854 38 66 26 38 21 26 56 33
internal_value=-0.00214913 -0.00907153 0.06524 0.0466895 0.0963571 -0.0177031 0.0132939 0.00289157 0.0338677 0.0312616 0.0144617 0.0699858 0.0126853 0.0558556
internal_weight=1782 1616 166 104 62 1166 450 285 89 165 63 42 94 71
internal_count=1782 1616 166 104 62 1166 450 285 89 165 63 42 94 71
is_linear=0
shrinkage=0.05


Tree=17
num_leaves=15
num_cat=0
split_feature=15 6 36 47 25 43 8 3 36 13 23 28 43 3
split_gain=301.323 106.338 52.0452 37.4102 33.1709 31.5787 42.0758 37.2895 31.414 30.836 29.5818 29.4215 45.0344 39.0862
threshold=3.5833333333333335 3.2500000000000004 41.500000000000007 1.8550000000000002 7.0833333333333348 14.500000000000002 6.1779953917050703 6.5257936507936511 48.500000000000007 6.2840757999378702 5.6353802447552459 6.1987501503126508 23.500000000000004 6.4099025974025983
decision_type=2 2 2 8 2 2 2 2 2 2 2 2 2 2
left_child=1 10 -2 5 11 7 8 9 -7 -3 -1 13 -13 -4
right_child=2 3 4 -5 -6 6 -8 -9 -10 -11 -12 12 -14 -15
leaf_value=-0.032702482198332467 0.0062311253933743996 0.0057167980721039057 0.032532156147062778 -0.009135033143450268 0.12615162950186504 0.063009303710178322 0.079230317586036617 -0.019664518771504491 -0.018155020632548258 0.048731213289835124 -0.013757114711023611 -0.015709143711460961 0.071362942663218951 0.10395253509423644
leaf_weight=286 44 113 30 199 21 19 43 79 32 66 737 27 33 53
leaf_count=286 44 113 30 199 21 19 43 79 32 66 737 27 33 53
internal_value=-0.00204167 -0.00951582 0.0545175 0.00819239 0.0674723 0.0179883 0.0427991 0.00894869 0.0120827 0.0215769 -0.0190537 0.0588551 0.0321805 0.0781379
internal_weight=1782 1574 208 551 164 352 94 258 51 179 1023 143 60 83
internal_count=1782 1574 208 551 164 352 94 258 51 179 1023 143 60 83
is_linear=0
shrinkage=0.05


Tree=18
num_leaves=15
num_cat=2
split_feature=5 16 17 40 43 49 15 43 46 44 28 8 0 38
split_gain=274.367 102.06 34.1066 42.9885 52.8759 32.5658 32.3751 31.1338 32.2867 27.4182 29.0385 35.441 25.4549 23.7839
threshold=4.5000000000000009 6.0833333333333348 32.583333333333336 16.500000000000004 26.500000000000004 0 0.83333333333333337 23.500000000000004 5.5000000000000009 2.5000000000000004 6.0653431013431023 6.236476608187135 1 73.000000000000014
decision_type=2 2 2 10 2 9 2 2 2 2 2 2 1 8
left_child=1 6 9 -4 -5 -3 -1 8 12 10 -2 -12 -7 -14
right_child=2 5 3 4 -6 7 -8 -9 -10 -11 11 -13 13 -15
leaf_value=-0.021669083770830183 -0.017293648619670421 0.084432974805434546 0.039556279741892859 0.17465981337286177 0.05787532072928217 -0.0051085361168675481 -0.0037160025291205923 0.047482982122649751 -0.026213675371600666 0.10056030152481982 0.098194725684482953 0.018057047847557711 -0.023120772603737273 0.031299209406988437
leaf_weight=800 24 15 28 21 18 137 366 48 69 15.999999999999998 22 37 23 158
leaf_count=800 24 15 28 21 18 137 366 48 69 16 22 37 23 158
internal_value=-0.00193959 -0.00822763 0.0592741 0.0868237 0.120759 0.0119988 -0.0160337 0.00950111 0.00479018 0.0406294 0.0290765 0.0479389 0.0115174 0.0231073
internal_weight=1782 1616 166 67 39 450 1166 435 387 99 83 59 318 181
internal_count=1782 1616 166 67 39 450 1166 435 387 99 83 59 318 181
cat_boundaries=0 1 2
cat_threshold=1 1
is_linear=0
shrinkage=0.05


Tree=19
num_leaves=15
num_cat=0
split_feature=15 6 36 47 25 28 28 43 26 3 43 8 3 36
split_gain=246.509 88.2859 44.4804 33.482 28.3325 28.0208 31.8336 28.9883 36.7901 26.9116 26.5649 36.9987 33.3769 28.5571
threshold=3.5833333333333335 3.2500000000000004 41.500000000000007 1.8550000000000002 7.0833333333333348 6.1176528944911306 6.0160321969696975 23.500000000000004 43.089285714285722 6.7102272727272734 14.500000000000002 6.1779953917050703 6.5257936507936511 48.500000000000007
decision_type=2 2 2 8 2 2 2 2 2 2 2 2 2 2
left_child=1 -1 -2 10 5 6 -4 -7 -9 -8 12 13 -3 -12
right_child=2 3 4 -5 -6 7 9 8 -10 -11 11 -13 -14 -15
leaf_value=-0.017294911298908127 0.0046733690171756525 0.020454599112129185 0.033119777166284621 -0.0088615204708360554 0.11552032232284547 0.012154679985430378 0.15660355003441084 0.12442462884766214 0.026491028883240442 0.064718527595202122 0.059306408660976508 0.073716982973869458 -0.018563208121900696 -0.018079162735375576
leaf_weight=1023 44 179 20 199 21 52 17 17 22 14.999999999999998 19 43 79 32
leaf_count=1023 44 179 20 199 21 52 17 17 22 15 19 43 79 32
internal_value=-0.00184404 -0.00860428 0.0493128 0.00753095 0.0612892 0.0533252 0.0826045 0.0365941 0.06918 0.113532 0.0167983 0.0395545 0.00850729 0.0107508
internal_weight=1782 1574 208 551 164 143 52 91 39 32 352 94 258 51
internal_count=1782 1574 208 551 164 143 52 91 39 32 352 94 258 51
is_linear=0
shrinkage=0.05


Tree=20
num_leaves=15
num_cat=0
split_feature=25 43 5 3 47 13 6 38 3 36 23 8 41 13
split_gain=198.818 105.731 60.0337 40.4132 34.8053 36.5357 31.8626 31.8521 30.7128 29.2954 28.0773 29.0973 27.5159 26.8163
threshold=1.4642857142857146 11.500000000000002 6.5000000000000009 6.3174242424242433 1.7850000000000004 6.5486810411810428 38.250000000000007 82.000000000000014 6.4649014778325133 68.500000000000014 6.4600868170131447 6.0566239316239328 13.500000000000002 5.499889429455993
decision_type=2 2 2 2 10 2 2 8 2 2 2 2 10 2
left_child=13 3 4 -2 7 10 9 -3 -5 -4 11 -6 -9 -1
right_child=1 2 6 8 5 -7 -8 12 -10 -11 -12 -13 -14 -15
leaf_value=-0.030805914687741666 -0.011278108398474018 -0.0079051596422990162 0.096809613421235396 0.068136514420621103 -0.012203435340653296 0.0038257559994235636 0.12664391988267501 0.12537060369633965 0.0016532921869503827 0.018618732467293741 0.10594845549203456 0.061525655875448143 0.051987660760906607 -0.010374896279658468
leaf_weight=194 233 14.999999999999998 23 32 23 144 24 18 38 25 15.999999999999998 32 44 933
leaf_count=194 233 15 23 32 23 144 24 18 38 25 16 32 44 933
internal_value=-0.00108663 0.0205498 0.0387124 -0.00126933 0.0286294 0.0182987 0.0796048 0.0574747 0.0320456 0.0560852 0.0476524 0.0306935 0.0732924 -0.0138919
internal_weight=1794 667 364 303 292 215 72 77 70 48 71 55 62 1127
internal_count=1794 667 364 303 292 215 72 77 70 48 71 55 62 1127
is_linear=0
shrinkage=0.05


Tree=21
num_leaves=15
num_cat=1
split_feature=6 5 38 47 47 48 13 8 7 43 43 47 15 7
split_gain=178.268 90.4712 38.0006 45.0337 36.9473 36.4437 43.0516 28.865 29.1871 26.8617 25.4485 27.0547 22.9843 22.3763
threshold=8.2500000000000018 6.5000000000000009 39.500000000000007 1.7850000000000004 1.8750000000000002 0 6.3079499154767982 6.485281385281386 31.500000000000004 6.5000000000000009 11.500000000000002 1.7250000000000003 0.83333333333333337 35.500000000000007
decision_type=2 2 8 10 8 9 2 2 2 2 2 10 2 2
left_child=4 2 -2 10 5 6 -1 8 -3 -7 -4 -12 -5 -10
right_child=1 7 3 12 -6 9 -8 -9 13 -11 11 -13 -14 -15
leaf_value=0.005724830504817268 -0.051603765254840256 0.0049787098651423176 0.002992081944830716 -0.023989757696505298 -0.023449210620077793 -0.017438447139491994 0.079893774472177034 0.13573875122237952 0.11651826091957362 0.0012382966097487364 0.024862648226941626 0.085638003296062776 0.015053918846872256 0.038806800730526447
leaf_weight=90 20 17 24 44 400 434 25 15.999999999999998 22 346 30 47 263 15.999999999999998
leaf_count=90 20 17 24 44 400 434 25 16 22 346 30 47 263 16
internal_value=-0.0010323 0.0243587 0.0156875 0.018986 -0.0108162 -0.00517012 0.0201006 0.0766305 0.0594354 -0.00903777 0.0479473 0.0619593 0.00945808 0.0837976
internal_weight=1794 499 428 408 1295 895 115 71 55 780 101 77 307 38
internal_count=1794 499 428 408 1295 895 115 71 55 780 101 77 307 38
cat_boundaries=0 3
cat_threshold=589824 2147483648 2593
is_linear=0
shrinkage=0.05


Tree=22
num_leaves=15
num_cat=1
split_feature=25 43 5 3 39 47 0 27 14 23 26 18 18 28
split_gain=163.718 87.0359 48.4039 35.3419 32.6121 39.9293 31.2026 43.4049 28.527 31.3223 28.2532 26.1522 50.0037 23.9753
threshold=1.4642857142857146 11.500000000000002 6.5000000000000009 6.3174242424242433 10.500000000000002 1.7850000000000004 0 32.083333333333336 6.166666666666667 7.5012744930508095 5.4375000000000009 6.1071487652132825 6.0359523809523816 6.152364805026969
decision_type=2 2 2 2 10 10 1 2 2 2 2 2 2 2
left_child=6 3 4 -2 5 -3 7 -1 13 -10 -5 12 -7 -4
right_child=1 2 8 10 -6 11 -8 -9 9 -11 -12 -13 -14 -15
leaf_value=-0.0057033779683010764 -0.010502925796570185 0.062837238349020483 0.081069640517234795 0.086099266918266526 -0.041128087876474158 0.012890977553924491 -0.019300331916555911 0.066297645646740094 0.13787852386417596 0.049816470551821923 0.012021031880856686 0.00200849398448367 0.089052761450875553 -0.006919192941859365
leaf_weight=431 233 70 15.000000000000002 17 17 66 674 22 23 18 53 107 32 15.999999999999998
leaf_count=431 233 70 15 17 17 66 674 22 23 18 53 107 32 16
internal_value=-0.000980682 0.0186532 0.0351321 -0.00114317 0.0260782 0.0302328 -0.0126007 -0.00215898 0.0718506 0.0992171 0.0300115 0.0190995 0.0377601 0.035656
internal_weight=1794 667 364 303 292 275 1127 453 72 41 70 205 98 31
internal_count=1794 667 364 303 292 275 1127 453 72 41 70 205 98 31
cat_boundaries=0 1
cat_threshold=3
is_linear=0
shrinkage=0.05


Tree=23
num_leaves=15
num_cat=1
split_feature=25 43 5 3 39 47 41 13 3 6 36 49 43 33
split_gain=147.841 78.5499 43.6846 31.8961 29.4324 36.0362 33.209 30.9546 26.9809 26.1214 24.811 24.6902 30.1124 23.3546
threshold=1.4642857142857146 11.500000000000002 6.5000000000000009 6.3174242424242433 10.500000000000002 1.7850000000000004 13.500000000000002 6.5486810411810428 6.3961925287356332 38.250000000000007 68.500000000000014 0 22.500000000000004 26.500000000000004
decision_type=2 2 2 2 10 10 10 2 2 2 2 9 2 10
left_child=13 3 4 -2 5 6 -3 -7 -5 10 -4 12 -9 -1
right_child=1 2 9 8 -6 7 -8 11 -10 -11 -12 -13 -14 -15
leaf_value=-0.0062190057683547649 -0.0099777794007387816 0.11230165050143288 0.084440677094718697 0.079368715649960855 -0.039071683322682099 0.04572246441384778 0.037149829996217576 -0.0046316307503730062 0.0095638530949751551 0.11084893674900134 0.012482718408107758 -0.014280861325852282 0.066369376810533662 -0.020973127463975373
leaf_weight=687 233 21 23 19 17 68 49 32 51 24 25 77 28 440
leaf_count=687 233 21 23 19 17 68 49 32 51 24 25 77 28 440
internal_value=-0.000937027 0.0177206 0.0333755 -0.00108601 0.0247743 0.0287211 0.0596954 0.0181445 0.0285109 0.068258 0.0469626 0.00445623 0.0285022 -0.0119793
internal_weight=1794 667 364 303 292 275 70 205 70 72 48 137 60 1127
internal_count=1794 667 364 303 292 275 70 205 70 72 48 137 60 1127
cat_boundaries=0 1
cat_threshold=4
is_linear=0
shrinkage=0.05


Tree=24
num_leaves=15
num_cat=1
split_feature=25 43 5 3 0 43 28 39 47 41 13 27 8 23
split_gain=133.426 70.8913 39.4253 28.7862 28.2535 30.4005 34.065 26.5628 32.5226 29.9712 27.9365 25.7305 25.5282 25.0173
threshold=1.4642857142857146 11.500000000000002 6.5000000000000009 6.3174242424242433 0 6.5000000000000009 5.8662260536398483 10.500000000000002 1.7850000000000004 13.500000000000002 6.5486810411810428 19.928571428571434 6.485281385281386 6.4600868170131447
decision_type=2 2 2 2 1 2 2 10 10 10 2 2 2 2
left_child=4 3 7 -2 5 -1 -7 8 9 -3 13 -5 -4 -10
right_child=1 2 12 11 -6 6 -8 -9 10 -11 -12 -13 -14 -15
leaf_value=-0.011903954627057322 -0.0094788903666284466 0.10668656762157168 0.048931116863553017 0.082775914168450981 -0.016075146029205272 0.073901547584682703 0.0079898424907892101 -0.037118099366917331 0.027302301681231496 0.03529233916149456 0.0042334223451623082 0.010584432393726376 0.12054416164755821 0.10044328071177007
leaf_weight=172 233 21 56 15.999999999999998 824 24 107 17 53 49 137 54 15.999999999999998 14.999999999999998
leaf_count=172 233 21 56 16 824 24 107 17 53 49 137 54 16 15
internal_value=-0.000890176 0.0168345 0.0317067 -0.00103171 -0.0113803 0.00185645 0.0200653 0.0235356 0.0272851 0.0567106 0.0172373 0.0270853 0.0648451 0.0434363
internal_weight=1794 667 364 303 1127 303 131 292 275 70 205 70 72 68
internal_count=1794 667 364 303 1127 303 131 292 275 70 205 70 72 68
cat_boundaries=0 1
cat_threshold=2
is_linear=0
shrinkage=0.05


Tree=25
num_leaves=15
num_cat=1
split_feature=41 1 16 15 28 33 33 4 48 43 28 45 27 36
split_gain=159.293 46.197 52.6917 46.167 35.1171 43.9984 53.5975 38.6957 27.2468 28.5909 27.2063 26.8926 24.2671 21.1951
threshold=18.500000000000004 1.0000000180025095e-35 20.791666666666668 0.83333333333333337 6.1667987060143945 30.500000000000004 24.500000000000004 8.5000000000000018 0 5.5000000000000009 5.8675644841269845 10.500000000000002 26.416666666666668 40.500000000000007
decision_type=10 2 2 2 2 10 10 2 9 2 2 2 2 2
left_child=3 2 12 -1 -4 6 -6 -8 10 -10 -5 -3 -2 -11
right_child=1 11 4 8 5 -7 7 -9 9 13 -12 -13 -14 -15
leaf_value=-0.013521716801400047 0.058443703711964196 0.045472921588225294 0.00070260355249047285 0.087949633738026028 0.0097434282095895872 -0.013695881329476835 0.053011395533879603 0.15715798437595369 -0.021758494096138749 -0.013611653185312135 0.01741912955358783 -0.038212625185648608 0.1386276926683343 0.010209783119495828
leaf_weight=837 15.999999999999998 15.999999999999998 40 15.999999999999998 18 15.999999999999998 14.999999999999998 22 128 122 94 24 23 398
leaf_count=837 16 16 40 16 18 16 15 22 128 122 94 24 23 398
internal_value=-0.000271317 0.0430053 0.0557369 -0.00542652 0.0381712 0.0592802 0.0805096 0.114936 0.00351237 -0.000580874 0.0253716 -0.00473841 0.105732 0.00462091
internal_weight=1785 190 150 1595 111 71 55 37 758 648 110 40 39 520
internal_count=1785 190 150 1595 111 71 55 37 758 648 110 40 39 520
cat_boundaries=0 3
cat_threshold=524296 0 545
is_linear=0
shrinkage=0.05


Tree=26
num_leaves=15
num_cat=1
split_feature=41 37 25 16 27 28 33 33 34 48 18 18 36 17
split_gain=143.762 42.9113 42.5612 34.4877 50.0003 36.2395 29.7226 35.6171 36.5343 23.9993 23.5594 23.383 20.9054 19.905
threshold=18.500000000000004 12.500000000000002 0.53571428571428581 20.791666666666668 26.416666666666668 6.1667987060143945 30.500000000000004 24.500000000000004 1.0000000180025095e-35 0 6.1704641575529751 5.8654986318029803 44.500000000000007 13.16666666666667
decision_type=10 2 2 2 2 2 10 10 2 9 2 2 2 2
left_child=2 3 -1 4 -2 -5 7 -7 -9 11 -3 -4 -13 -11
right_child=1 10 9 5 -6 6 -8 8 -10 13 -12 12 -14 -15
leaf_value=-0.013705612660927818 0.0281348017975688 0.032701017982081367 0.083217332968488336 -0.00072789051030811513 0.14545893339174135 0.015802431644664872 -0.0017114572227001192 0.15944331176578999 0.064095013229935258 -0.031303289232309905 -0.046038126504342809 0.049347660792409445 0.0001023053009593048 0.0013986044524143134
leaf_weight=761 15.999999999999998 19 14.999999999999998 38 21 18 15.999999999999998 15.999999999999998 27 50 19 32 66 671
leaf_count=761 16 19 15 38 21 18 16 16 27 50 19 32 66 671
internal_value=-0.000257752 0.040855 -0.00515519 0.0527359 0.0947242 0.0392266 0.0589444 0.0748541 0.0995734 0.00264681 -0.00666855 0.0230418 0.0161824 -0.00085732
internal_weight=1785 190 1595 152 37 115 77 61 43 834 38 113 98 721
internal_count=1785 190 1595 152 37 115 77 61 43 834 38 113 98 721
cat_boundaries=0 3
cat_threshold=524296 0 545
is_linear=0
shrinkage=0.05


Tree=27
num_leaves=15
num_cat=1
split_feature=41 1 16 25 41 27 45 48 43 18 45 36 36 27
split_gain=129.745 40.2757 44.098 38.5633 31.149 25.9481 23.9641 23.2605 26.3859 25.5182 21.3827 21.453 20.2769 19.2644
threshold=18.500000000000004 1.0000000180025095e-35 20.791666666666668 0.77500000000000013 33.500000000000007 33.45000000000001 10.500000000000002 0 5.5000000000000009 5.8704540149393099 76.500000000000014 40.500000000000007 62.000000000000007 26.416666666666668
decision_type=10 2 2 2 10 2 2 9 2 2 2 2 2 2
left_child=3 2 13 -1 5 12 -3 9 -9 -5 11 -10 -4 -2
right_child=1 6 4 7 -6 -7 -8 8 10 -11 -12 -13 -14 -15
leaf_value=-0.01233330751061529 0.054303762316703801 0.04163191811530851 -0.027673692313524397 0.086260097300012911 0.099170923233032227 0.064182537607848644 -0.037365900104244551 -0.020115285783728776 -0.011793846202393373 0.016034040256373044 -0.028296197884612614 0.01358208464622334 0.02877180569055604 0.1257462088180625
leaf_weight=833 15.999999999999998 15.999999999999998 26 14.999999999999998 15.999999999999998 28 24 136 108 94 45 364 41 23
leaf_count=833 16 16 26 15 16 28 24 136 108 94 45 364 41 23
internal_value=-0.000244864 0.0388122 0.0507 -0.00489743 0.0346304 0.0237604 -0.00576677 0.00323128 -0.000511108 0.0235387 0.004636 0.00777573 0.00686758 0.0964365
internal_weight=1785 190 150 1595 111 95 40 762 653 109 517 472 67 39
internal_count=1785 190 150 1595 111 95 40 762 653 109 517 472 67 39
cat_boundaries=0 3
cat_threshold=524296 0 545
is_linear=0
shrinkage=0.05


Tree=28
num_leaves=15
num_cat=1
split_feature=41 37 26 48 40 33 47 28 43 23 33 4 33 46
split_gain=117.095 36.4815 35.4242 33.5217 31.2111 32.121 29.6913 28.4797 39.0252 38.2744 28.2966 28.7867 50.8896 23.8411
threshold=18.500000000000004 12.500000000000002 -1.7749999999999997 0 12.500000000000002 28.500000000000004 1.8650000000000004 6.1339577497665738 18.500000000000004 6.8486120066227327 30.500000000000004 7.5000000000000009 25.500000000000004 4.5000000000000009
decision_type=10 2 2 9 10 10 10 2 2 2 10 2 10 2
left_child=2 7 -1 4 6 -6 -4 8 -2 -9 11 -11 -13 -5
right_child=1 -3 3 13 5 -7 -8 9 -10 10 -12 12 -14 -15
leaf_value=-0.021233447459908621 0.075005926605727941 -0.0069470803498437525 0.019587690659084243 -0.0004850834015115229 0.096755886365744212 0.005247479501892539 -0.024103766286148215 0.13382721627131106 -0.017554139753455305 0.023967942402318674 -0.0061466318037774834 0.029586859607431844 0.14016475930162098 -0.016993855248073196
leaf_weight=268 18 38 146 786 22 17 53 15.999999999999998 31 27 18 19 23 303
leaf_count=268 18 38 146 786 22 17 53 16 31 27 18 19 23 303
internal_value=-0.000232621 0.0368716 -0.00465256 -0.0013039 0.0153231 0.0568676 0.00795127 0.0478263 0.0164475 0.0627541 0.0496832 0.0642475 0.0901414 -0.00503222
internal_weight=1785 190 1595 1327 238 39 199 152 49 103 87 69 42 1089
internal_count=1785 190 1595 1327 238 39 199 152 49 103 87 69 42 1089
cat_boundaries=0 3
cat_threshold=589960 2281701376 2593
is_linear=0
shrinkage=0.05


Tree=29
num_leaves=15
num_cat=0
split_feature=6 28 16 5 27 47 24 14 37 47 33 44 40 36
split_gain=102.021 46.6542 44.4764 38.7434 34.0908 26.036 24.415 45.9862 23.8026 26.5216 28.7773 36.8272 24.9058 21.2971
threshold=18.250000000000004 6.0094726263107807 20.791666666666668 1.5000000000000002 34.63333333333334 1.8650000000000004 4.2678571428571432 5.8333333333333348 9.5000000000000018 1.7650000000000003 24.500000000000004 1.0000000180025095e-35 25.500000000000004 78.500000000000014
decision_type=2 2 2 2 2 8 2 2 2 10 10 2 10 2
left_child=3 -2 6 5 8 -1 -3 -8 9 -4 -11 -12 -13 -5
right_child=1 2 4 13 -6 -7 7 -9 -10 10 11 12 -14 -15
leaf_value=-0.0028277114339358223 -0.010602425731156233 0.13790321429570515 -0.03060345992445946 0.0040742842748843731 0.085364904999732982 -0.018025011302514632 -0.0021279007010161872 0.12168133596579234 -0.024643201305745887 -0.0051746299553831875 0.11825941001114093 0.073246890120208255 -0.016433031111955643 0.038892961747944356
leaf_weight=633 53 14.999999999999998 14.999999999999998 361 22 508 15.000000000000002 14.999999999999998 26 22 19 16.000000000000004 14.999999999999998 50
leaf_count=633 53 15 15 361 22 508 15 15 26 22 19 16 15 50
internal_value=-0.00022099 0.0306297 0.0427702 -0.00485257 0.0284207 -0.00959391 0.0858189 0.0597767 0.0173342 0.0298792 0.0424797 0.0634477 0.0298534 0.00831013
internal_weight=1785 233 180 1552 135 1141 45 30 113 87 72 50 31 411
internal_count=1785 233 180 1552 135 1141 45 30 113 87 72 50 31 411
is_linear=0
shrinkage=0.05


Tree=30
num_leaves=15
num_cat=2
split_feature=25 48 36 6 47 0 6 26 28 16 26 2 45 26
split_gain=105.784 41.9814 41.6763 24.4324 28.6564 24.4262 38.7166 56.8017 25.9904 53.7596 28.3275 27.0351 22.26 19.8527
threshold=2.7083333333333335 0 36.500000000000007 8.2500000000000018 1.7750000000000001 1 37.750000000000007 45.391666666666673 6.2752375581322957 19.416666666666668 22.050000000000004 3.5000000000000004 11.500000000000002 -0.091666666666666632
decision_type=2 9 2 2 8 1 2 2 2 2 2 2 2 2
left_child=1 13 -2 -3 -5 8 -7 -8 9 11 -11 -4 -13 -1
right_child=2 3 5 4 -6 6 7 -9 -10 10 -12 12 -14 -15
leaf_value=-0.0031447449140250684 -0.028787080467408223 -0.010806491370895756 0.019336956788813978 0.046470133367141613 -0.00061450284017525896 -0.0013597279894523896 0.12570150573464001 0.0040136818731711672 -0.0080130003754877391 0.16005455099511889 0.064412458539009107 0.1148169408990618 0.038639080829241057 0.043563007950209655
leaf_weight=35 31 1079 66 38 216 104 17 22 18 16.000000000000004 14.999999999999998 17 22 65
leaf_count=35 31 1079 66 38 216 104 17 22 18 16 15 17 22 65
internal_value=0.000764841 -0.00509808 0.0263794 -0.00746617 0.00642966 0.0321375 0.0136197 0.0570571 0.045494 0.0559209 0.113776 0.0388399 0.0718448 0.0247412
internal_weight=1761 1433 328 1333 254 297 143 39 154 136 31 105 39 100
internal_count=1761 1433 328 1333 254 297 143 39 154 136 31 105 39 100
cat_boundaries=0 3 4
cat_threshold=17334400 0 513 2
is_linear=0
shrinkage=0.05


Tree=31
num_leaves=15
num_cat=0
split_feature=25 36 43 41 33 8 8 3 36 36 15 15 8 37
split_gain=95.4699 37.6128 28.4557 27.0128 26.9277 22.5257 23.1196 18.7357 17.3569 19.9196 35.0035 27.1952 16.5266 17.3179
threshold=2.7083333333333335 36.500000000000007 20.500000000000004 23.500000000000004 26.500000000000004 5.9588963963963968 5.9932432432432448 5.4843597262952111 86.000000000000014 75.500000000000014 3.8333333333333335 4.166666666666667 6.3239268680445155 5.5000000000000009
decision_type=2 2 2 10 8 2 2 2 2 2 2 2 2 2
left_child=2 -2 4 -4 7 -3 -7 -1 9 11 -11 -8 13 -13
right_child=1 5 3 -5 -6 6 8 -9 -10 10 -12 12 -14 -15
leaf_value=-0.020577584784112726 -0.027347726035382481 0.0013202455313013938 0.081920216356714579 0.0015893448404967786 -0.014734835141157601 0.0951128684449941 0.0060592598741083109 0.0022770496417116879 -0.0092772890898314402 0.1158646531775594 0.033763847580632653 0.022492876531262147 0.0055762376197997267 0.080706289563423558
leaf_weight=102 31 54 18 25 546 15.999999999999998 73 742 22 20 37 19 17 39
leaf_count=102 31 54 18 25 546 16 73 742 22 20 37 19 17 39
internal_value=0.000726599 0.0250604 -0.00484317 0.0352162 -0.00608242 0.0305306 0.0370218 -0.000485003 0.0329273 0.0374565 0.0625711 0.027784 0.0489294 0.0616364
internal_weight=1761 328 1433 43 1390 297 243 844 227 205 57 148 75 58
internal_count=1761 328 1433 43 1390 297 243 844 227 205 57 148 75 58
is_linear=0
shrinkage=0.05


Tree=32
num_leaves=15
num_cat=0
split_feature=25 36 33 26 47 47 46 8 3 16 4 14 43 13
split_gain=86.1616 34.0386 26.0744 30.6879 23.0517 21.6239 23.1589 19.2233 22.2651 49.6112 39.4744 35.2361 22.8558 21.9232
threshold=2.7083333333333335 38.500000000000007 28.500000000000004 12.91666666666667 1.7750000000000001 1.8750000000000002 4.5000000000000009 5.9588963963963968 7.030330882352942 19.416666666666668 7.5000000000000009 6.166666666666667 13.500000000000002 6.3923287612146318
decision_type=2 2 8 2 8 10 2 2 2 2 2 2 2 2
left_child=2 -2 3 5 -5 6 -1 -3 9 12 -10 -11 13 -9
right_child=1 7 -4 4 -6 -7 -8 8 10 11 -12 -13 -14 -15
leaf_value=0.0063781743165871587 -0.014627287590077946 0.0021228655847264646 -0.015808279093433162 0.065847132220864288 0.012002080546442383 -0.015163159020929582 -0.016594558290921019 0.023897785550126664 -0.03937354214165522 0.15851855695247652 0.036691799544672853 0.057142035216093068 0.0095752315676178451 0.089474658221006406
leaf_weight=507 49 49 381 25 97 283 140 26 23 14.999999999999998 66 20 55 25
leaf_count=507 49 49 381 25 97 283 140 26 23 15 66 20 55 25
internal_value=0.000690269 0.0238074 -0.00460101 -0.000542108 0.0230359 -0.00363514 0.00140726 0.0305575 0.0366154 0.0489749 0.0170345 0.100589 0.0319325 0.0560433
internal_weight=1761 328 1433 1052 122 930 647 279 230 141 89 35 106 51
internal_count=1761 328 1433 1052 122 930 647 279 230 141 89 35 106 51
is_linear=0
shrinkage=0.05


Tree=33
num_leaves=15
num_cat=2
split_feature=25 48 36 0 8 41 6 26 33 6 47 40 7 26
split_gain=77.7608 37.2641 31.3757 22.255 35.6403 39.3139 34.0463 51.0191 30.7958 19.2917 23.5551 18.7749 17.8221 17.2119
threshold=2.7083333333333335 0 36.500000000000007 1 6.3355855855855863 18.500000000000004 37.750000000000007 45.391666666666673 27.500000000000004 8.2500000000000018 1.7750000000000001 11.500000000000002 32.500000000000007 -0.091666666666666632
decision_type=2 9 2 1 2 10 2 2 10 2 8 10 2 2
left_child=1 13 -2 4 5 11 12 -8 -7 -3 -11 -4 -5 -1
right_child=2 9 3 6 -6 8 7 -9 -10 10 -12 -13 -14 -15
leaf_value=-0.0021721130662730763 -0.025248975871551421 -0.0095750135193249618 0.012824327001969019 -0.016582622309525809 -0.016091298684477808 0.1412550773275526 0.11612481356543654 0.00079734128561209552 0.045418242315451302 0.042042927916995008 -0.00064558484203492599 0.056740875277923035 0.029574290123479119 0.041318292748541215
leaf_weight=35 31 1079 45 75 22 19 17 22 14.999999999999998 38 216 53 29 65
leaf_count=35 31 1079 45 75 22 19 17 22 15 38 216 53 29 65
internal_value=0.000655756 -0.00437096 0.022617 0.0276131 0.0402163 0.0526476 0.0104943 0.0510683 0.0989741 -0.00660704 0.00574089 0.0365751 -0.00371194 0.0237242
internal_weight=1761 1433 328 297 154 132 143 39 34 1333 254 98 104 100
internal_count=1761 1433 328 297 154 132 143 39 34 1333 254 98 104 100
cat_boundaries=0 3 4
cat_threshold=17334400 0 513 2
is_linear=0
shrinkage=0.05


Tree=34
num_leaves=15
num_cat=3
split_feature=25 48 36 40 44 0 6 26 7 40 0 46 18 3
split_gain=70.1791 35.4633 28.3165 20.905 32.9312 20.0852 30.7268 46.0447 22.8632 36.7093 17.7959 25.7537 19.051 17.1888
threshold=2.7083333333333335 0 36.500000000000007 8.5000000000000018 1.0000000180025095e-35 1 37.750000000000007 45.391666666666673 35.500000000000007 18.500000000000004 2 4.5000000000000009 6.1791016561177861 6.2076149425287364
decision_type=2 9 2 10 2 1 2 2 2 10 1 2 2 2
left_child=1 3 -2 13 -5 8 -7 -8 9 -4 11 12 -3 -1
right_child=2 10 5 4 -6 6 7 -9 -10 -11 -12 -13 -14 -15
leaf_value=0.022634102849691525 -0.023986526278238145 0.0069423149319409018 0.036321412733281565 0.11139217453698319 0.017681766241788865 -0.0035263477179866571 0.11031857295071378 0.0007574740712615577 -0.0041514007297034066 0.10480261817574502 -0.010239587287159041 -0.01895153841469437 0.063044218858703968 -0.033081837263154355
leaf_weight=51 31 279 106 14.999999999999998 25 104 17 22 24 24 924 104 15.999999999999998 19
leaf_count=51 31 279 106 15 25 104 17 22 24 24 924 104 16 19
internal_value=0.000622968 -0.00415241 0.0214861 0.0219893 0.0528232 0.0262325 0.00996954 0.0485149 0.0382055 0.0489641 -0.00644345 0.00238302 0.00998513 0.0075112
internal_weight=1761 1433 328 110 40 297 143 39 154 130 1323 399 295 70
internal_count=1761 1433 328 110 40 297 143 39 154 130 1323 399 295 70
cat_boundaries=0 3 4 5
cat_threshold=17334400 0 8705 2 2
is_linear=0
shrinkage=0.05


Tree=35
num_leaves=15
num_cat=1
split_feature=15 40 33 33 24 48 14 28 25 47 43 47 46 18
split_gain=96.5105 33.9025 40.906 31.2637 29.3025 26.9636 65.7756 22.8141 27.4228 20.9248 21.6014 19.6619 27.8298 21.4338
threshold=3.416666666666667 17.500000000000004 31.500000000000004 23.500000000000004 6.6904761904761916 0 3.5833333333333335 5.9024890900162656 0.92857142857142871 1.8650000000000004 9.5000000000000018 1.7450000000000003 4.5000000000000009 6.1179827117327124
decision_type=2 10 10 10 2 9 2 2 2 10 2 10 2 2
left_child=5 11 3 -3 -5 6 7 8 -1 10 -7 -2 13 -13
right_child=1 2 -4 4 -6 9 -8 -9 -10 -11 -12 12 -14 -15
leaf_value=0.00067262778118733441 -0.037930193380452698 0.0037176149090131123 -0.019370881884242408 0.12741432686646778 0.056844252485193703 -0.0074171656413790452 0.11633102163672447 -0.016068823511401813 0.076960077999453799 -0.014721244492281516 0.0091432490540752157 0.027978810862712741 0.064669093729129865 -0.021612038644584452
leaf_weight=31 15.999999999999998 14.999999999999998 15.999999999999998 24 38 618 14.999999999999998 60 19 520 289 53 28 37
leaf_count=31 16 15 16 24 38 618 15 60 19 520 289 53 28 37
internal_value=-0.000270708 0.0301803 0.0533748 0.0684908 0.0841617 -0.00472457 0.0167698 0.00471785 0.0296619 -0.00667812 -0.00214047 0.0140827 0.0211353 0.00759146
internal_weight=1779 227 93 77 62 1552 125 110 50 1427 907 134 118 90
internal_count=1779 227 93 77 62 1552 125 110 50 1427 907 134 118 90
cat_boundaries=0 3
cat_threshold=16842880 0 532993
is_linear=0
shrinkage=0.05


Tree=36
num_leaves=15
num_cat=0
split_feature=15 36 2 24 34 3 26 46 41 18 26 37 47 28
split_gain=87.1008 41.1819 25.1576 39.0147 26.0796 35.2484 24.9914 26.5928 21.9151 26.303 21.8645 21.6935 18.4058 14.7648
threshold=3.416666666666667 41.500000000000007 3.5000000000000004 4.366666666666668 1.0000000180025095e-35 7.0784615384615392 -1.7749999999999997 4.5000000000000009 24.500000000000004 6.3120450218489443 7.791666666666667 4.5000000000000009 1.7250000000000003 6.2653225806451625
decision_type=2 2 2 2 2 2 2 2 10 2 2 2 8 2
left_child=6 -2 3 10 5 -5 -1 13 11 -10 -3 -4 -9 -8
right_child=1 2 8 4 -6 -7 7 12 9 -11 -12 -13 -14 -15
leaf_value=-0.018313847324289211 -0.019588561690525731 0.037609659532705945 0.11672670003913699 0.13478296975294748 0.0096748416932920626 0.031002675100333162 0.0015389539374317765 0.039059650734998286 -0.023225680567945037 0.07041012376546861 -0.035549345158506183 0.052445323382105148 -0.015837335428724925 0.033361275160783216
leaf_weight=270 37 14.999999999999998 21 14.999999999999998 24 18 894 15.999999999999998 15.000000000000002 14.999999999999998 32 35 334 38
leaf_count=270 37 15 21 15 24 18 894 16 15 15 32 35 334 38
internal_value=-0.000257172 0.0286713 0.0380693 0.0215246 0.0493331 0.0781755 -0.00448834 -0.00157657 0.0580769 0.0235922 -0.0122007 0.0765508 -0.0133278 0.00283643
internal_weight=1779 227 190 104 57 33 1552 1282 86 30 47 56 350 932
internal_count=1779 227 190 104 57 33 1552 1282 86 30 47 56 350 932
is_linear=0
shrinkage=0.05


Tree=37
num_leaves=15
num_cat=1
split_feature=15 40 33 26 46 5 24 4 24 26 15 6 26 0
split_gain=78.9781 30.2016 37.8134 23.0407 23.3247 18.0619 17.9335 29.9271 19.9641 21.6682 16.0477 21.3365 18.1462 14.3797
threshold=3.5833333333333335 17.500000000000004 31.500000000000004 -1.7749999999999997 4.5000000000000009 3.5000000000000004 3.291666666666667 6.5000000000000009 2.7083333333333335 8.4166666666666696 6.5833333333333348 22.250000000000004 38.583333333333336 0
decision_type=2 10 10 2 2 2 2 2 2 2 2 2 2 1
left_child=3 6 10 -1 13 -6 8 -8 9 -2 11 -3 -13 -5
right_child=1 2 -4 4 5 -7 7 -9 -10 -11 -12 12 -14 -15
leaf_value=-0.017398154872504099 0.035435745199069835 0.0078714165248368918 -0.019290788099169731 0.010936500964164951 -0.014903888582332348 0.036506163846287465 -0.0332491911433049 0.050157934998472535 0.072661221174425208 -0.035466950014233591 0.10015071944698045 0.11241408050991596 0.037110025342553858 -0.0018452242212692476
leaf_weight=270 33 19 15.999999999999998 333 336 18 38 14.999999999999998 19 15.999999999999998 23 15.999999999999998 15.999999999999998 611
leaf_count=270 33 19 16 333 336 18 38 15 19 16 23 16 16 611
internal_value=-0.000244314 0.0284745 0.0504084 -0.0041089 -0.00134458 -0.0122898 0.0121601 -0.0096434 0.029154 0.0122838 0.0654785 0.049842 0.0747621 0.00275989
internal_weight=1779 211 90 1568 1298 354 121 53 68 49 74 51 32 944
internal_count=1779 211 90 1568 1298 354 121 53 68 49 74 51 32 944
cat_boundaries=0 1
cat_threshold=2
is_linear=0
shrinkage=0.05


Tree=38
num_leaves=15
num_cat=1
split_feature=15 48 14 40 33 25 18 6 24 47 17 23 3 24
split_gain=71.2644 35.6121 82.0945 27.2569 34.1266 19.3799 18.5704 17.6701 19.4664 16.8905 16.7539 19.2242 20.7004 17.1511
threshold=3.5833333333333335 0 3.8333333333333335 17.500000000000004 31.500000000000004 6.5833333333333348 5.8667483660130726 22.250000000000004 9.4166666666666696 1.8750000000000002 26.583333333333339 6.5163652768799842 6.4099025974025983 4.9000000000000012
decision_type=2 9 2 10 10 2 2 2 2 10 2 2 2 2
left_child=1 2 6 10 5 7 -1 -5 -9 -3 -2 12 -12 -13
right_child=3 9 -4 4 -6 -7 -8 8 -10 -11 11 13 -14 -15
leaf_value=0.040520590830307741 0.048010740578174595 -0.0025877428683694845 0.12610705731546176 0.0074778447809972269 -0.018326248845551164 0.10285433035876071 -0.0104706263790528 0.10780819393694402 0.032010418686291411 -0.014524153424811198 -0.00031430783462436766 -0.052095047546469646 0.065996581947224006 0.010403254867664406
leaf_weight=26 25 1056 17 19 15.999999999999998 21 57 15.999999999999998 18 412 34 23 18 21
leaf_count=26 25 1056 17 19 16 21 57 16 18 412 34 23 18 21
internal_value=-0.000229543 -0.00390056 0.0236412 0.0270508 0.047888 0.0622046 0.00550253 0.0460981 0.06768 -0.00589757 0.0115521 0.00205765 0.0226395 -0.0222663
internal_weight=1779 1568 100 211 90 74 83 53 34 1468 121 96 52 44
internal_count=1779 1568 100 211 90 74 83 53 34 1468 121 96 52 44
cat_boundaries=0 3
cat_threshold=16842880 0 8705
is_linear=0
shrinkage=0.05


Tree=39
num_leaves=15
num_cat=1
split_feature=15 48 14 8 36 17 35 45 45 36 14 26 15 23
split_gain=64.3161 32.1399 74.0903 27.7732 25.0904 17.6627 27.3596 20.8376 19.8312 34.0639 17.8959 19.221 18.8981 23.1115
threshold=3.5833333333333335 0 3.8333333333333335 5.8278556034482767 41.500000000000007 26.583333333333339 1.0000000180025095e-35 10.500000000000002 24.500000000000004 60.500000000000007 4.166666666666667 9.0500000000000025 5.166666666666667 7.3659598743480332
decision_type=2 9 2 2 2 2 2 2 2 2 2 2 2 2
left_child=1 2 3 -1 -2 6 -6 10 -9 -10 11 -7 -12 -14
right_child=4 -3 -4 -5 5 7 -8 8 9 -11 12 -13 13 -15
leaf_value=0.053388655659827325 -0.013641334670212339 -0.0056026910461141341 0.11980170370901333 -0.012142233556655587 0.11596715539693832 0.050204158319781214 0.020469156503677366 -0.031877231163283191 -0.015584783293306828 0.084091142714023598 0.024959364317357541 -0.029839563642938934 0.12078931911124124 0.036754495062244437
leaf_weight=22 34 1468 17 61 15 15.000000000000002 15 24 20 14.999999999999998 25 14.999999999999998 18 14.999999999999998
leaf_count=22 34 1468 17 61 15 15 15 24 20 15 25 15 18 15
internal_value=-0.000218066 -0.00370553 0.0224591 0.0052274 0.0256983 0.033255 0.0682182 0.0261197 0.00312912 0.0271335 0.0415338 0.0101823 0.0577502 0.0825917
internal_weight=1779 1568 100 83 211 177 30 147 59 35 88 30 58 33
internal_count=1779 1568 100 83 211 177 30 147 59 35 88 30 58 33
cat_boundaries=0 3
cat_threshold=16842880 0 8705
is_linear=0
shrinkage=0.05


Tree=40
num_leaves=15
num_cat=0
split_feature=43 33 15 25 45 45 8 8 36 41 14 36 7 34
split_gain=54.48 27.7525 34.1694 22.5505 19.5301 21.7778 22.3507 23.1313 41.6996 30.6779 21.4924 30.7375 18.4689 20.3866
threshold=14.500000000000002 26.500000000000004 4.166666666666667 0.92857142857142871 28.500000000000004 16.500000000000004 6.1779953917050703 6.3239268680445155 75.500000000000014 31.500000000000004 4.8333333333333348 60.500000000000007 16.500000000000004 1.0000000180025095e-35
decision_type=2 8 2 2 2 2 2 2 2 10 2 2 2 2
left_child=1 2 12 -2 5 6 -5 8 -8 -9 -6 -12 -1 -14
right_child=3 -3 -4 4 10 -7 7 9 -10 -11 11 -13 13 -15
leaf_value=-0.0089205058500572872 -0.01408619116595451 -0.012584268489531827 0.067665169191987895 0.0032099328853655608 0.091440294604552427 -0.019756057139279116 0.033703351111616944 -0.030024542794986203 0.13145890335241955 0.053475421946495773 -0.0079069459879839866 0.068261246555126637 0.0023821631357090417 0.033886050404017341
leaf_weight=352 47 604 19 80 19 36 40 22 14.999999999999998 22 27 26 448 58
leaf_count=352 47 604 19 80 19 36 40 22 15 22 27 26 448 58
internal_value=-0.00022289 -0.00433672 0.00134347 0.0180184 0.0232759 0.015728 0.0228644 0.0387468 0.060364 0.0117254 0.0458149 0.0294586 -0.000125196 0.00599328
internal_weight=1815 1481 877 334 287 215 179 99 55 44 72 53 858 506
internal_count=1815 1481 877 334 287 215 179 99 55 44 72 53 858 506
is_linear=0
shrinkage=0.05


Tree=41
num_leaves=15
num_cat=0
split_feature=6 33 36 26 47 39 3 8 28 3 23 47 44 8
split_gain=49.135 26.4172 26.2219 25.1308 22.3255 25.7758 19.243 32.0537 38.7513 30.9028 24.9868 17.4726 17.3814 16.8898
threshold=8.2500000000000018 26.500000000000004 36.500000000000007 8.8875000000000011 1.8250000000000004 1.5000000000000002 6.8191850594227512 6.3355855855855863 6.1384240845959601 6.4732142857142874 6.433095270544869 1.7950000000000002 3.5000000000000004 5.8851648351648365
decision_type=2 8 2 2 10 10 2 2 2 2 2 10 2 2
left_child=1 3 -2 -1 5 6 9 8 -8 -4 -11 -7 -6 -5
right_child=2 -3 4 13 12 11 7 -9 -10 10 -12 -13 -14 -15
leaf_value=-0.0015213680071136206 -0.021235772921685495 -0.014063883476801925 0.0548667746828869 0.00074123382568359376 0.0016723928093736948 -0.034773432880640033 0.024800852051487677 0.0066105368264418631 0.10314316014808261 0.052203141618520021 -0.0201382390778274 0.033486037167410054 0.054190952725270219 0.070208243316128141
leaf_weight=736 51 525 39 14.999999999999998 215 25 27 28 38 15.999999999999998 47 14.999999999999998 17 21
leaf_count=736 51 525 39 15 215 25 27 28 38 16 47 15 17 21
internal_value=-0.000211745 -0.00541077 0.0128059 0.000473789 0.0165235 0.0273858 0.0348857 0.051335 0.070601 0.0198878 -0.00176582 -0.00917613 0.00552074 0.0412637
internal_weight=1815 1297 518 772 467 235 195 93 65 102 63 40 232 36
internal_count=1815 1297 518 772 467 235 195 93 65 102 63 40 232 36
is_linear=0
shrinkage=0.05


Tree=42
num_leaves=15
num_cat=1
split_feature=25 48 40 14 33 33 45 28 45 36 27 40 28 13
split_gain=44.9173 34.5341 28.0752 26.6185 24.8727 22.4617 38.2413 22.2708 18.9196 20.0793 19.3294 18.6244 22.1938 26.2988
threshold=1.4642857142857146 0 16.500000000000004 5.166666666666667 23.500000000000004 25.500000000000004 36.500000000000007 6.0604899276632489 93.500000000000014 75.500000000000014 27.816666666666666 25.500000000000004 6.1617578976034864 6.8558380886337895
decision_type=2 9 10 2 10 8 2 2 2 2 2 10 2 2
left_child=-1 2 3 8 -4 6 7 -3 9 -2 -11 12 13 -6
right_child=1 5 4 -5 11 -7 -8 -9 -10 10 -12 -13 -14 -15
leaf_value=-0.0063037721787078775 0.015355108952216959 -0.018700588717492243 -0.0071694073222932364 -0.027860008119731342 0.089579645818785622 -0.015805242295371173 0.072147649932991373 0.026060210455519456 -0.036669624224305156 0.017914882202943162 0.096919758804142483 0.026565946721648043 0.12191954114241527 0.0010161542395750681
leaf_weight=1133 194 66 21 37 19 161 22 48 14.999999999999998 15.000000000000002 15.999999999999998 37 15.999999999999998 14.999999999999998
leaf_count=1133 194 66 21 37 19 161 22 48 15 15 16 37 16 15
internal_value=-0.000201158 0.00993706 0.0195388 0.0116154 0.0416699 -0.00306431 0.0117934 0.000146064 0.0177012 0.0213259 0.0586916 0.0534587 0.0733594 0.0505075
internal_weight=1815 682 385 277 108 297 136 114 240 225 31 87 50 34
internal_count=1815 682 385 277 108 297 136 114 240 225 31 87 50 34
cat_boundaries=0 3
cat_threshold=1114248 4096 288
is_linear=0
shrinkage=0.05


Tree=43
num_leaves=15
num_cat=1
split_feature=43 0 43 43 33 23 40 28 34 17 7 16 6 43
split_gain=42.3483 31.1236 33.4045 22.1494 17.4956 43.8641 34.9435 22.1079 39.8316 38.0852 35.6777 17.4369 17.4654 19.5228
threshold=6.5000000000000009 0 25.500000000000004 31.500000000000004 28.500000000000004 6.9524331662489578 20.500000000000004 5.9999581343196651 1.0000000180025095e-35 26.166666666666668 32.500000000000007 1.7083333333333337 12.750000000000002 8.5000000000000018
decision_type=2 1 2 2 8 2 10 2 2 2 2 2 2 2
left_child=-1 4 -3 -4 5 6 7 11 -9 -10 -11 -2 13 -13
right_child=1 2 3 -5 -6 -7 -8 8 9 10 -12 12 -14 -15
leaf_value=-0.0094279763069194319 -0.0050796286053290327 -0.0042486086391713106 0.060409372587289137 0.0033122707680432184 -0.0016363146083970227 0.092864686357123527 0.092298315664132435 -0.017140045584295879 -0.028478381484746934 0.11267541503827823 0.0095215341945489255 0.023893273914890253 0.00076490434055978605 0.075729242941507929
leaf_weight=737 28 609 35 33 93 21 14.999999999999998 100 14.999999999999998 19 14.999999999999998 34 22 39
leaf_count=737 28 609 35 33 93 21 15 100 15 19 15 34 22 39
internal_value=-0.0001911 0.00612391 -0.000529505 0.0327005 0.0169473 0.0231088 0.0180047 0.0139077 0.000956212 0.0378874 0.0671663 0.0295968 0.0398173 0.0515865
internal_weight=1815 1078 677 68 401 308 287 272 149 49 34 123 95 73
internal_count=1815 1078 677 68 401 308 287 272 149 49 34 123 95 73
cat_boundaries=0 1
cat_threshold=2
is_linear=0
shrinkage=0.05


Tree=44
num_leaves=15
num_cat=2
split_feature=48 16 7 6 33 40 16 49 4 16 13 17 13 40
split_gain=40.5137 44.317 20.7548 29.6854 20.6257 19.9477 20.3336 24.1539 28.724 18.0016 28.9218 19.6806 18.1069 17.847
threshold=0 6.0833333333333348 16.500000000000004 10.750000000000002 26.500000000000004 21.500000000000004 22.291666666666668 1 5.5000000000000009 20.083333333333339 6.8558380886337895 34.416666666666679 6.5395595916429263 2.5000000000000004
decision_type=9 2 2 2 8 10 2 9 2 2 2 2 2 10
left_child=1 -1 -3 -4 5 6 7 8 13 12 -11 -12 -5 -2
right_child=4 2 3 9 -6 -7 -8 -9 -10 10 11 -13 -14 -15
leaf_value=-0.0024071868892695586 -0.022727549285627903 -0.023045094882448516 0.082381313681722648 0.032345976650714876 -0.011204687245431003 0.050293772019213069 -0.043762375643620122 -0.0034243129281340185 0.081000834552105522 0.096103044011090932 0.0089787835336249799 0.073358055576682096 -0.029849674357947983 0.018660783398580471
leaf_weight=176 32 14.999999999999998 31 25 580 20 26 651 15.999999999999998 19 46 15.999999999999998 22 140
leaf_count=176 32 15 31 25 580 20 26 651 16 19 46 16 22 140
internal_value=-0.000181545 0.0148587 0.0331771 0.0384811 -0.00384993 0.00092663 -0.000214807 0.0011347 0.0169215 0.027849 0.0421322 0.0255928 0.00323312 0.0109606
internal_weight=1815 350 174 159 1465 885 865 839 188 128 81 62 47 172
internal_count=1815 350 174 159 1465 885 865 839 188 128 81 62 47 172
cat_boundaries=0 3 4
cat_threshold=1671304 201326592 74017 2
is_linear=0
shrinkage=0.05


Tree=45
num_leaves=15
num_cat=3
split_feature=48 0 17 3 43 7 4 27 33 49 38 40 6 37
split_gain=38.4228 44.3218 44.2836 42.7191 41.0696 21.6358 17.4066 15.9552 15.3643 16.4629 17.4926 17.3744 16.8409 14.6894
threshold=0 1 34.833333333333336 7.2939814814814827 11.500000000000002 26.500000000000004 10.500000000000002 28.450000000000003 26.500000000000004 2 44.500000000000007 2.5000000000000004 -2.2499999999999996 15.500000000000002
decision_type=9 1 2 2 2 2 2 2 8 9 10 10 2 2
left_child=1 -1 3 4 -3 -6 -5 -7 9 11 -11 -2 -13 -14
right_child=8 2 -4 6 5 7 -8 -9 -10 10 -12 12 13 -15
leaf_value=-0.0068069736024472804 -0.018861305300379175 0.012502620451850816 0.10263195015490055 -0.061265579216620507 0.019766141919212211 0.11952867821643227 0.0083773669443632428 0.05972312103129096 -0.0088227637975970309 0.0011128027953707677 -0.022623440926748048 -0.028823079367478688 0.036256204492781524 -0.00071064454192916557
leaf_weight=128 32 80 20 17 18 19 19 27 583 607 89 14.999999999999998 106 36
leaf_count=128 32 80 20 17 18 19 19 27 583 607 89 15 106 36
internal_value=0.000985791 0.0161849 0.0305232 0.0242068 0.0363859 0.06624 -0.0245096 0.0844254 -0.0025034 0.00163124 -0.00192244 0.0147178 0.021562 0.0268843
internal_weight=1796 328 200 180 144 64 36 46 1468 885 696 189 157 142
internal_count=1796 328 200 180 144 64 36 46 1468 885 696 189 157 142
cat_boundaries=0 3 4 5
cat_threshold=98440 67108864 74275 12 2
is_linear=0
shrinkage=0.05


Tree=46
num_leaves=15
num_cat=0
split_feature=6 36 33 25 47 27 23 28 17 17 33 33 18 47
split_gain=35.2722 26.0422 19.4413 17.3009 17.2475 25.0596 16.4249 18.5442 15.4227 22.0845 25.4535 29.8231 22.1448 19.8568
threshold=8.2500000000000018 38.500000000000007 26.500000000000004 0.77500000000000013 1.8750000000000002 34.916666666666679 6.1252419354838716 5.9712596553773034 28.166666666666668 31.416666666666668 23.500000000000004 30.500000000000004 6.3048477293216161 1.8050000000000004
decision_type=2 2 8 2 10 2 2 2 2 2 10 10 2 8
left_child=2 -2 4 -3 5 -1 -5 -8 -9 13 -11 12 -12 -10
right_child=1 3 -4 6 -6 -7 7 8 9 10 11 -13 -14 -15
leaf_value=0.0045329830607429428 -0.016077692496279876 -0.01510808703146483 -0.010665108663865726 0.066891125610305205 -0.010177625698003269 0.066194268568035439 -0.0071902993516843837 0.037150353076177166 -0.039599256082598511 -0.012580918539957754 0.041129940417077807 -0.0082643332637169151 0.10811392577255474 0.013938227261221688
leaf_weight=536 69 38 536 18 218 17 61 118 29 29 45 22 17 43
leaf_count=536 69 38 536 18 218 17 61 118 29 29 45 22 17 43
internal_value=0.000934607 0.0123902 -0.00335137 0.017067 0.00173315 0.00642854 0.0202677 0.0179621 0.0230258 0.0140167 0.0278064 0.0417496 0.0594965 -0.00762548
internal_weight=1796 489 1307 420 771 553 382 364 303 185 113 84 62 72
internal_count=1796 489 1307 420 771 553 382 364 303 185 113 84 62 72
is_linear=0
shrinkage=0.05


Tree=47
num_leaves=15
num_cat=2
split_feature=48 0 17 3 6 36 6 7 27 41 25 25 3 24
split_gain=34.1567 38.6647 35.1311 38.292 35.6167 28.2798 16.0701 15.9142 14.2578 13.5084 17.7087 18.2918 14.2398 14.6004
threshold=0 1 34.833333333333336 7.2939814814814827 2.7500000000000004 67.500000000000014 35.250000000000007 24.500000000000004 28.225000000000005 30.500000000000004 5.7083333333333348 3.8452380952380958 7.4171428571428581 7.1250000000000009
decision_type=9 1 2 2 2 2 2 2 2 10 2 2 2 2
left_child=1 2 3 4 -1 7 -5 -6 -9 10 11 12 13 -2
right_child=9 -3 -4 6 5 -7 -8 8 -10 -11 -12 -13 -14 -15
leaf_value=-0.00061365950345394337 -0.0037404257002740856 -0.0064896672715426609 0.085290617573385449 -0.062400924414396292 0.0061562840796766747 0.095155761390924465 0.0041127448990231474 0.078542722195386883 0.025658592639061124 0.044585314293702445 -0.043219847921971921 0.023773193889064716 -0.038872643480343479 0.028124810795526246
leaf_weight=56 1264 137 24 15.999999999999998 31 25 21 25 26 14.999999999999998 27 64 28 37
leaf_count=56 1264 137 24 16 31 25 21 25 26 15 27 64 28 37
internal_value=0.000887876 0.0144124 0.0269273 0.0212701 0.0316937 0.0486022 -0.0246499 0.034409 0.0515822 -0.00259681 -0.0031135 -0.00233613 -0.00359346 -0.00283419
internal_weight=1796 361 224 200 163 107 37 82 51 1435 1420 1393 1329 1301
internal_count=1796 361 224 200 163 107 37 82 51 1435 1420 1393 1329 1301
cat_boundaries=0 3 4
cat_threshold=98440 67108864 598563 3
is_linear=0
shrinkage=0.05


Tree=48
num_leaves=15
num_cat=3
split_feature=48 0 17 3 6 47 6 41 41 4 6 48 7 17
split_gain=30.7931 34.9474 31.7058 34.5585 32.7303 26.5906 27.019 26.5893 21.2441 14.7753 13.2205 15.9929 18.7849 12.9534
threshold=0 1 34.833333333333336 7.2939814814814827 18.250000000000004 1.7550000000000001 2.7500000000000004 10.500000000000002 13.500000000000002 10.500000000000002 -2.2499999999999996 2 33.500000000000007 19.833333333333339
decision_type=9 1 2 2 2 10 2 10 10 2 2 9 2 2
left_child=1 2 3 4 5 -1 -7 -8 -9 -5 -2 12 13 -12
right_child=10 -3 -4 9 -6 6 7 8 -10 -11 11 -13 -14 -15
leaf_value=-0.032162751494685102 -0.013166379697303988 -0.0061872577972608769 0.081026087173571196 -0.055879577994346619 0.077284441112230221 0.00079132738319458444 0.090669364534318453 -0.015245748347499305 0.05877868160605431 0.0073361924604365709 -0.031505488320475533 0.0015427359342507219 -0.071519187341133758 0.0063352099056735792
leaf_weight=21 241 137 24 18 30 48 25 18 21 19 42 1088 14.999999999999998 49
leaf_count=21 241 137 24 18 30 48 25 18 21 19 42 1088 15 49
internal_value=0.000841676 0.0136831 0.025581 0.0202066 0.030109 0.0194679 0.0291486 0.0504166 0.0246136 -0.0234174 -0.00246697 -0.000328031 -0.0179793 -0.0111297
internal_weight=1796 361 224 200 163 133 112 64 39 37 1435 1194 106 91
internal_count=1796 361 224 200 163 133 112 64 39 37 1435 1194 106 91
cat_boundaries=0 3 4 7
cat_threshold=98440 67108864 598563 3 4194306 12 4240
is_linear=0
shrinkage=0.05


Tree=49
num_leaves=15
num_cat=3
split_feature=48 33 25 36 27 3 49 28 18 33 49 25 45 47
split_gain=28.7799 28.665 45.5814 30.2669 27.1681 19.3645 17.1845 16.1418 22.9284 15.1844 16.5555 19.1564 25.9508 16.0094
threshold=0 30.500000000000004 5.7083333333333348 69.500000000000014 26.535714285714288 6.3309523809523816 1 6.0485164334563652 6.1599132932742995 26.500000000000004 2 1.1833333333333336 27.500000000000004 1.7950000000000002
decision_type=9 10 2 2 2 2 9 2 2 8 9 2 2 10
left_child=1 2 3 6 -3 -5 -1 -8 -9 10 -2 -12 13 -13
right_child=9 4 -4 5 -6 -7 7 8 -10 -11 11 12 -14 -15
leaf_value=-0.035112447043259935 -0.0043080001724095538 0.019698718382278459 0.099761856621817538 0.01775754141180139 -0.045978420059527125 0.085968897734647221 0.0014357666607554022 0.086433558352291592 0.0041714406675762601 -0.0079145278510584574 0.00088526530793131694 -0.015973170042822237 0.057389394195633936 0.022313374402385552
leaf_weight=21 474 32 19 19 31 23 76 15.999999999999998 18 615 277 38 40 97
leaf_count=21 474 32 19 19 31 23 76 16 18 615 277 38 40 97
internal_value=0.000798299 0.0160187 0.0262497 0.0181761 -0.0126186 0.0551114 0.0063342 0.0142467 0.042883 -0.00181252 0.00222054 0.00906684 0.0220171 0.0115364
internal_weight=1796 255 192 173 63 42 131 110 34 1541 926 452 175 135
internal_count=1796 255 192 173 63 42 131 110 34 1541 926 452 175 135
cat_boundaries=0 3 4 5
cat_threshold=98440 67108864 74241 2 4
is_linear=0
shrinkage=0.05


Tree=50
num_leaves=15
num_cat=2
split_feature=48 13 33 0 1 43 36 27 45 6 33 14 33 13
split_gain=29.6524 38.097 37.2349 21.6832 19.3601 19.4406 29.5084 21.2931 41.7753 35.5335 30.4815 17.3183 16.6023 15.6102
threshold=0 6.5115575396825411 28.500000000000004 1 1.0000000180025095e-35 8.5000000000000018 49.500000000000007 21.875000000000004 25.500000000000004 12.750000000000002 25.500000000000004 4.5833333333333348 20.500000000000004 6.1915995692086794
decision_type=9 2 10 1 2 2 2 2 2 2 8 2 8 2
left_child=1 13 -3 4 5 -2 -7 -8 9 10 -9 -11 -6 -1
right_child=3 2 -4 -5 12 6 7 8 -10 11 -12 -13 -14 -15
leaf_value=0.018031551473988935 0.0017076244976140832 0.11165002996013279 0.01504752042972924 -0.0052622406183704942 0.040962387522061668 0.054879885125491357 -0.031335986405611041 0.063808704505208882 0.072846333471383778 -0.068937567033572122 -0.01264503971165554 -0.0052275225025368854 -0.014548739168469294 -0.037159926926388462
leaf_weight=52 218 21 19 1096 14.999999999999998 54 24 32 29 15.999999999999998 22 32 132 17
leaf_count=52 218 21 19 1096 15 54 24 32 29 16 22 32 132 17
internal_value=0.000562171 0.0246763 0.0657638 -0.0011526 0.00665011 0.0121538 0.0230498 0.0119606 0.0198927 0.00483731 0.0326609 -0.0264642 -0.00888434 0.00443365
internal_weight=1779 109 40 1670 574 427 209 155 131 102 54 48 147 69
internal_count=1779 109 40 1670 574 427 209 155 131 102 54 48 147 69
cat_boundaries=0 3 4
cat_threshold=32896 134217728 73985 2
is_linear=0
shrinkage=0.05


Tree=51
num_leaves=15
num_cat=1
split_feature=48 23 5 47 47 43 40 25 25 33 16 39 45 47
split_gain=25.4701 36.6877 23.0632 18.0986 16.6627 21.0429 17.8539 22.4317 27.7009 14.7227 15.542 14.4432 14.0602 12.454
threshold=0 6.7230994491119622 6.5000000000000009 1.8150000000000002 1.8550000000000002 9.5000000000000018 8.5000000000000018 6.5833333333333348 5.5500000000000007 22.500000000000004 4.791666666666667 10.500000000000002 25.500000000000004 1.8250000000000004
decision_type=9 2 2 10 8 2 10 2 2 10 2 10 2 10
left_child=1 3 -3 12 5 -2 9 8 11 -7 -11 13 -1 -8
right_child=4 2 -4 -5 -6 6 7 -9 -10 10 -12 -13 -14 -15
leaf_value=0.065930424978509303 -0.0032016571169818002 0.10073632061481477 0.020197374315466733 -0.0063519785992610144 -0.0073041214808921831 0.0093279651269830514 0.01752288679063381 0.05838165808469057 -0.060318776220083241 0.020468240728587262 0.086583099346607933 -0.034823333236731979 0.0011740819116433463 -0.0059058631247863539
leaf_weight=19 565 20 15.999999999999998 78 680 29 184 20 15.999999999999998 15.999999999999998 20 19 14.999999999999998 82
leaf_count=19 565 20 16 78 680 29 184 20 16 16 20 19 15 82
internal_value=0.000532583 0.0197008 0.0649412 0.00691817 -0.00131947 0.0029459 0.0119443 0.00710536 0.00369829 0.035841 0.0571987 0.00729224 0.0373615 0.0103005
internal_weight=1779 148 36 112 1631 951 386 321 301 65 36 285 34 266
internal_count=1779 148 36 112 1631 951 386 321 301 65 36 285 34 266
cat_boundaries=0 3
cat_threshold=128 134217728 74017
is_linear=0
shrinkage=0.05


Tree=52
num_leaves=15
num_cat=2
split_feature=48 23 23 0 1 43 36 3 3 3 8 27 27 23
split_gain=24.3046 30.7216 23.1271 18.9274 16.9859 16.5298 26.8097 29.5204 28.4838 23.1329 22.12 17.4799 22.7783 15.2934
threshold=0 6.7597348484848494 7.3160291006045552 1 1.0000000180025095e-35 8.5000000000000018 68.500000000000014 6.9354166666666677 6.4926470588235299 7.0408333333333344 6.2651654411764719 26.900000000000002 32.63333333333334 6.1549584515101765
decision_type=9 2 2 1 2 2 2 2 2 2 2 2 2 2
left_child=1 -1 -3 4 5 -2 7 8 11 10 -8 -7 -13 -6
right_child=3 2 -4 -5 13 6 9 -9 -10 -11 -12 12 -14 -15
leaf_value=0.0080290671779856652 0.0017662832387423982 0.11136303360263505 0.023561926831801736 -0.0048862148986987862 0.0054664033892400134 0.082183567791556333 -0.0027872967093505643 0.09747759962783141 -0.0031589927475737488 -0.056531589130560556 0.065711837808291124 -0.0049999738789417532 0.074905119302372133 -0.027190486550511372
leaf_weight=79 218 15.000000000000002 14.999999999999998 1096 85 24 55 17 46 14.999999999999998 14.999999999999998 22 14.999999999999998 62
leaf_count=79 218 15 15 1096 85 24 55 17 46 15 15 22 15 62
internal_value=0.000505954 0.0223376 0.0674625 -0.00104648 0.00624328 0.0113987 0.0214459 0.0362725 0.0265483 -0.000183501 0.0118911 0.0489505 0.027394 -0.00830725
internal_weight=1779 109 30 1670 574 427 209 124 107 85 70 61 37 147
internal_count=1779 109 30 1670 574 427 209 124 107 85 70 61 37 147
cat_boundaries=0 3 4
cat_threshold=32896 134217728 73985 2
is_linear=0
shrinkage=0.05


Tree=53
num_leaves=15
num_cat=2
split_feature=48 36 34 6 47 1 28 15 43 45 28 37 48 8
split_gain=21.6487 24.5767 26.4453 25.1911 17.3183 17.3693 20.8115 21.9738 19.7077 17.8453 17.4944 16.2048 12.8507 17.7464
threshold=0 62.000000000000007 1.0000000180025095e-35 9.7500000000000018 1.8550000000000002 1.0000000180025095e-35 5.9787714889277401 2.5833333333333335 10.500000000000002 40.500000000000007 6.0664974323062566 16.500000000000004 1 6.3239268680445155
decision_type=9 2 2 2 8 2 2 2 2 2 2 2 9 2
left_child=1 3 -3 -1 5 8 7 -7 11 12 -11 -2 -10 -14
right_child=4 2 -4 -5 -6 6 -8 -9 9 10 -12 -13 13 -15
leaf_value=-0.011691157872739591 -0.0018900764041293338 0.088443626787351529 0.012621602217626314 0.059308655979111793 -0.0070896225726745296 -0.0035830580890178682 -0.025591627756599341 0.051026137669881191 0.022261185568750355 0.081572181582450873 0.018832676028832793 0.037469309129353083 0.0067496044749624272 -0.052040065526962276
leaf_weight=57 396 23 23 15.999999999999998 693 150 100 21 123 20 25 28 89 14.999999999999998
leaf_count=57 396 23 23 16 693 150 100 21 123 20 25 28 89 15
internal_value=0.000479283 0.0202096 0.0505326 0.00387045 -0.00105054 0.0032665 -0.00747259 0.00312333 0.00744796 0.0179526 0.0467169 0.000709128 0.0122504 -0.00157795
internal_weight=1779 119 46 73 1660 967 271 171 696 272 45 424 227 104
internal_count=1779 119 46 73 1660 967 271 171 696 272 45 424 227 104
cat_boundaries=0 3 5
cat_threshold=128 134217728 76033 8 4096
is_linear=0
shrinkage=0.05


Tree=54
num_leaves=15
num_cat=3
split_feature=48 47 17 11 6 33 5 23 0 48 13 45 47 16
split_gain=19.8572 26.85 27.7638 16.0333 16.2005 15.091 14.8933 15.6599 13.8607 13.6131 27.0129 35.8145 19.5515 15.0774
threshold=0 1.7850000000000004 32.833333333333336 2.7676198272965853 51.750000000000007 20.500000000000004 3.5000000000000004 6.7854853479853485 1 2 6.6702535273368619 30.500000000000004 1.8250000000000004 12.083333333333334
decision_type=9 10 2 2 2 10 2 2 1 9 2 2 10 2
left_child=1 2 -1 4 8 -3 -7 -8 9 13 -11 12 -12 -2
right_child=3 5 -4 -5 -6 6 7 -9 -10 10 11 -13 -14 -15
leaf_value=0.018028387076714458 -0.0069191037048585719 0.039611468477440737 0.093490845536028877 0.049630048473676053 0.049378772825002672 -0.0062277606273851089 0.062207896924681143 -0.0069656484077374146 -0.010716157059272376 0.00057629811703204241 0.043437221699527337 0.092053016172231827 -0.024791147879191809 -0.051454382921968189
leaf_weight=34 200 28 19 14.999999999999998 14.999999999999998 155 18 14.999999999999998 396 802 21 19 21 21
leaf_count=34 200 28 19 15 15 155 18 15 396 802 21 19 21 21
internal_value=0.000461575 0.0127182 0.045081 -0.00179423 -0.00232219 0.00536609 0.000265716 0.0307654 -0.00284619 0.000126511 0.0029814 0.0350914 0.00932304 -0.0106682
internal_weight=1779 269 53 1510 1495 216 188 33 1480 1084 863 61 42 221
internal_count=1779 269 53 1510 1495 216 188 33 1480 1084 863 61 42 221
cat_boundaries=0 3 4 7
cat_threshold=32904 134217728 76065 6 4260609 8388628 4240
is_linear=0
shrinkage=0.05


Tree=55
num_leaves=15
num_cat=2
split_feature=48 37 8 24 24 14 48 13 15 33 26 46 18 8
split_gain=24.1054 41.188 27.1674 19.7113 14.9757 38.7146 13.823 27.7815 15.8755 18.3331 21.2817 19.6759 18.994 17.8072
threshold=0 4.5000000000000009 6.0566239316239328 4.9000000000000012 6.8035714285714297 4.416666666666667 1 6.8054154020622617 3.8333333333333335 22.500000000000004 8.2678571428571441 4.5000000000000009 6.3594391923436051 6.2239110707804004
decision_type=9 2 2 2 2 2 9 2 2 10 2 2 2 2
left_child=1 2 -1 -4 5 -3 7 -2 -8 -10 -11 12 13 -12
right_child=6 4 3 -5 -6 -7 8 -9 9 10 11 -13 -14 -15
leaf_value=0.088043457241012507 -0.0096865471370924782 -0.003707070411893271 -0.016542454395029282 0.052674181231607997 -0.039099510945379737 0.071522865034639838 -0.002304684775124864 -0.080275569539517172 -0.029318382120446157 0.070533792609348889 0.032949398623572455 -0.026406694049744502 0.076764155576626469 -0.029141880265053585
leaf_weight=26 197 118 18 24 20 20 1234 14.999999999999998 19 20 36 23 14.999999999999998 17
leaf_count=26 197 118 18 24 20 20 1234 15 19 20 36 23 15 17
internal_value=-0.000222688 0.0146889 0.0478757 0.0230099 0.00133565 0.00719582 -0.00243875 -0.0140197 -0.00054984 0.0160654 0.0238338 0.0135701 0.0270916 0.0130333
internal_weight=1802 226 68 42 158 138 1576 212 1364 130 111 91 68 53
internal_count=1802 226 68 42 158 138 1576 212 1364 130 111 91 68 53
cat_boundaries=0 3 6
cat_threshold=1146880 201326592 68353 515 12 4240
is_linear=0
shrinkage=0.05


Tree=56
num_leaves=15
num_cat=3
split_feature=48 46 43 48 18 16 18 26 49 3 28 35 47 26
split_gain=22.0039 28.5218 14.1538 17.6882 19.0182 18.0212 19.1902 13.9245 15.6637 17.3868 13.8928 15.3488 14.1033 13.6191
threshold=0 1.0000000180025095e-35 5.5000000000000009 1 6.1196295814069659 54.250000000000007 6.3510224118458423 -1.0000000180025095e-35 2 6.6014705882352951 5.9049420248868785 1.0000000180025095e-35 1.8250000000000004 17.541666666666668
decision_type=9 2 2 9 2 2 2 2 9 2 2 2 8 2
left_child=1 7 -2 4 -4 6 10 -1 -9 -10 11 -5 13 -12
right_child=2 -3 3 5 -6 -7 -8 8 9 -11 12 -13 -14 -15
leaf_value=-0.001124701884885629 -0.009207185429004101 0.0034814080475356248 -0.0068953023319842212 0.0094396542043237164 -0.055133842242260783 -0.044919342743723022 0.045031774948750228 0.010178471406300862 0.10811033139334006 0.040090114250779157 0.015509435557936199 0.055206633843481547 -0.0068677901099749644 -0.010716085270156757
leaf_weight=14.999999999999998 519 183 84 218 27 19 28 15 17 21 182 20 386 68
leaf_count=15 519 183 84 218 27 19 28 15 17 21 182 20 386 68
internal_value=-0.000211554 0.0132286 -0.00245605 0.000915346 -0.0170894 0.00323572 0.00428595 0.0414055 0.0534424 0.0705202 0.00298059 0.0132856 -0.000875697 0.00837609
internal_weight=1802 251 1551 1032 111 921 902 68 53 38 874 238 636 250
internal_count=1802 251 1551 1032 111 921 902 68 53 38 874 238 636 250
cat_boundaries=0 3 6 7
cat_threshold=1146880 201326592 68384 515 4 128 2
is_linear=0
shrinkage=0.05


Tree=57
num_leaves=15
num_cat=2
split_feature=48 46 43 41 13 47 43 48 25 16 6 19 1 13
split_gain=19.8585 25.7409 12.9583 17.9065 12.8737 13.0815 12.7738 15.9636 17.7703 16.2641 20.2541 13.5634 12.7605 14.3507
threshold=0 1.0000000180025095e-35 17.500000000000004 24.500000000000004 6.5395595916429263 1.8650000000000004 5.5000000000000009 1 3.2250000000000005 54.250000000000007 48.500000000000007 187.5 1.0000000180025095e-35 6.0433742183742192
decision_type=9 2 2 10 2 10 2 9 2 2 2 2 2 2
left_child=1 12 4 -4 5 -3 -2 8 -8 10 11 -9 13 -1
right_child=6 2 3 -5 -6 -7 7 9 -10 -11 -12 -13 -14 -15
leaf_value=-0.012079335702583195 -0.0087468260635401134 0.016148095280415827 0.069638830889016387 -0.0040578350424766542 -0.038265361046333886 -0.01650119011892992 -0.0088961713245108483 0.0021669638897871711 -0.063171346899535921 -0.042673374869321525 0.058130943446474917 0.047263333727331727 0.07838247503386811 0.044831821671687068
leaf_weight=15.999999999999998 519 77 15.999999999999998 17 22 51 93 868 18 19 17 17 15.999999999999998 36
leaf_count=16 519 77 16 17 22 51 93 868 18 19 17 17 16 36
internal_value=-0.000200976 0.0125672 0.00330734 0.0316739 -0.0029333 0.0031394 -0.00233325 0.000869579 -0.0162349 0.00307393 0.00407165 0.00303322 0.0393352 0.0273207
internal_weight=1802 251 183 33 150 128 1551 1032 111 921 902 885 68 52
internal_count=1802 251 183 33 150 128 1551 1032 111 921 902 885 68 52
cat_boundaries=0 3 6
cat_threshold=1146880 201326592 68384 515 4 128
is_linear=0
shrinkage=0.05


end of trees

feature_importances:
assist_career_mean=59
quotazione_iniziale_target=51
altezza_m=43
fantamedia_lag1=40
eta_n1=40
bonus_netti_lag1=39
squadra_punti_finali_n1=37
nazionalita=31
voto_medio_career_mean=30
quotazione_attuale_n1=29
voto_medio_lag1=28
presenze_career_mean=28
assist_ma3=27
bonus_netti_ma3=26
assist_lag1=24
bonus_netti_career_mean=22
quotazione_iniziale_n1=22
fantamedia_ma3=21
infortuni_n1_giorni_totali=19
presenze_ma3=18
fantamedia_career_mean=18
presenze_lag1=17
voto_medio_ma3=17
ruolo=16
squadra_posizione_finale_n1=15
gol_ma3=13
infortuni_career_count=13
gol_lag1=12
gol_career_mean=12
cambio_squadra=8
piede_dominante=7
squadra_in_champions_n1=6
presenze_cumulate_carriera_n1=5
squadra_nuova_punti_finali_n1=5
squadra_nuova_posizione_finale_n1=5
infortuni_n1_count=5
squadra_in_champions_target=2
xa_totale_lag1=1
minuti_totali_ma3=1

parameters:
[boosting: gbdt]
[objective: regression]
[metric: l1]
[tree_learner: serial]
[device_type: cpu]
[data_sample_strategy: bagging]
[data: ]
[valid: ]
[num_iterations: 1000]
[learning_rate: 0.05]
[num_leaves: 15]
[num_threads: 0]
[seed: 42]
[deterministic: 0]
[force_col_wise: 0]
[force_row_wise: 0]
[histogram_pool_size: -1]
[max_depth: -1]
[min_data_in_leaf: 15]
[min_sum_hessian_in_leaf: 0.001]
[bagging_fraction: 0.85]
[pos_bagging_fraction: 1]
[neg_bagging_fraction: 1]
[bagging_freq: 5]
[bagging_seed: 400]
[bagging_by_query: 0]
[feature_fraction: 0.85]
[feature_fraction_bynode: 1]
[feature_fraction_seed: 30056]
[extra_trees: 0]
[extra_seed: 12879]
[early_stopping_round: 0]
[early_stopping_min_delta: 0]
[first_metric_only: 0]
[max_delta_step: 0]
[lambda_l1: 0]
[lambda_l2: 0]
[linear_lambda: 0]
[min_gain_to_split: 0]
[drop_rate: 0.1]
[max_drop: 50]
[skip_drop: 0.5]
[xgboost_dart_mode: 0]
[uniform_drop: 0]
[drop_seed: 17869]
[top_rate: 0.2]
[other_rate: 0.1]
[min_data_per_group: 100]
[max_cat_threshold: 32]
[cat_l2: 10]
[cat_smooth: 10]
[max_cat_to_onehot: 4]
[top_k: 20]
[monotone_constraints: ]
[monotone_constraints_method: basic]
[monotone_penalty: 0]
[feature_contri: ]
[forcedsplits_filename: ]
[refit_decay_rate: 0.9]
[cegb_tradeoff: 1]
[cegb_penalty_split: 0]
[cegb_penalty_feature_lazy: ]
[cegb_penalty_feature_coupled: ]
[path_smooth: 0]
[interaction_constraints: ]
[verbosity: -1]
[saved_feature_importance_type: 0]
[use_quantized_grad: 0]
[num_grad_quant_bins: 4]
[quant_train_renew_leaf: 0]
[stochastic_rounding: 1]
[linear_tree: 0]
[max_bin: 255]
[max_bin_by_feature: ]
[min_data_in_bin: 3]
[bin_construct_sample_cnt: 200000]
[data_random_seed: 175]
[is_enable_sparse: 1]
[enable_bundle: 1]
[use_missing: 1]
[zero_as_missing: 0]
[feature_pre_filter: 1]
[pre_partition: 0]
[two_round: 0]
[header: 0]
[label_column: ]
[weight_column: ]
[group_column: ]
[ignore_column: ]
[categorical_feature: 0,48,49]
[forcedbins_filename: ]
[precise_float_parser: 0]
[parser_config_file: ]
[objective_seed: 16083]
[num_class: 1]
[is_unbalance: 0]
[scale_pos_weight: 1]
[sigmoid: 1]
[boost_from_average: 1]
[reg_sqrt: 0]
[alpha: 0.9]
[fair_c: 1]
[poisson_max_delta_step: 0.7]
[tweedie_variance_power: 1.5]
[lambdarank_truncation_level: 30]
[lambdarank_norm: 1]
[label_gain: ]
[lambdarank_position_bias_regularization: 0]
[eval_at: ]
[multi_error_top_k: 1]
[auc_mu_weights: ]
[num_machines: 1]
[local_listen_port: 12400]
[time_out: 120]
[machine_list_filename: ]
[machines: ]
[gpu_platform_id: -1]
[gpu_device_id: -1]
[gpu_device_id_list: ]
[gpu_use_dp: 0]
[num_gpu: 1]

end of parameters

pandas_categorical:[["attaccante", "centrocampista", "difensore", "portiere"], ["Albania", "Algeria", "Angola", "Argentina", "Armenia", "Australia", "Austria", "Belgium", "Bosnia-Herzegovina", "Brazil", "Bulgaria", "Burkina Faso", "Cameroon", "Canada", "Central African Republic", "Chile", "Colombia", "Congo", "Costa Rica", "Cote d'Ivoire", "Croatia", "Cyprus", "Czech Republic", "DR Congo", "Denmark", "Ecuador", "Egypt", "England", "Equatorial Guinea", "Estonia", "Finland", "France", "Gabon", "Georgia", "Germany", "Ghana", "Greece", "Guinea", "Guinea-Bissau", "Hungary", "Iceland", "Indonesia", "Iraq", "Ireland", "Italy", "Japan", "Korea, North", "Kosovo", "Liechtenstein", "Lithuania", "Mali", "Martinique", "Mexico", "Moldova", "Montenegro", "Morocco", "Netherlands", "New Zealand", "Nigeria", "North Macedonia", "Norway", "Paraguay", "Peru", "Poland", "Portugal", "Romania", "Russia", "Scotland", "Senegal", "Serbia", "Sierra Leone", "Slovakia", "Slovenia", "Spain", "Suriname", "Sweden", "Switzerland", "The Gambia", "Togo", "Tunisia", "T\u00fcrkiye", "Ukraine", "United States", "Uruguay", "Uzbekistan", "Venezuela", "Wales", "Zambia", "Zimbabwe"], ["both", "left", "right"]]
