tree
version=v4
num_class=1
num_tree_per_iteration=1
label_index=0
max_feature_idx=105
objective=regression
feature_names=ruolo cambio_squadra presenze_cumulate_carriera_n1 fantamedia_lag1 gol_lag1 assist_lag1 bonus_netti_lag1 presenze_lag1 voto_medio_lag1 minuti_totali_lag1 xg_totale_lag1 xa_totale_lag1 shots_totali_lag1 presenze_titolare_lag1 ammonizioni_totali_lag1 espulsioni_totali_lag1 rigori_segnati_totali_lag1 rigori_sbagliati_totali_lag1 rigori_parati_totali_lag1 fantamedia_ma3 gol_ma3 assist_ma3 bonus_netti_ma3 presenze_ma3 voto_medio_ma3 minuti_totali_ma3 xg_totale_ma3 xa_totale_ma3 shots_totali_ma3 presenze_titolare_ma3 ammonizioni_totali_ma3 espulsioni_totali_ma3 rigori_segnati_totali_ma3 rigori_sbagliati_totali_ma3 rigori_parati_totali_ma3 fantamedia_std3 fantamedia_trend3 gol_std3 gol_trend3 assist_std3 assist_trend3 bonus_netti_std3 bonus_netti_trend3 presenze_std3 presenze_trend3 voto_medio_std3 voto_medio_trend3 minuti_totali_std3 minuti_totali_trend3 xg_totale_std3 xg_totale_trend3 xa_totale_std3 xa_totale_trend3 shots_totali_std3 shots_totali_trend3 presenze_titolare_std3 presenze_titolare_trend3 ammonizioni_totali_std3 ammonizioni_totali_trend3 espulsioni_totali_std3 espulsioni_totali_trend3 rigori_segnati_totali_std3 rigori_segnati_totali_trend3 rigori_sbagliati_totali_std3 rigori_sbagliati_totali_trend3 rigori_parati_totali_std3 rigori_parati_totali_trend3 fantamedia_career_mean gol_career_mean assist_career_mean bonus_netti_career_mean presenze_career_mean voto_medio_career_mean minuti_totali_career_mean xg_totale_career_mean xa_totale_career_mean shots_totali_career_mean presenze_titolare_career_mean ammonizioni_totali_career_mean espulsioni_totali_career_mean rigori_segnati_totali_career_mean rigori_sbagliati_totali_career_mean rigori_parati_totali_career_mean eta_n1 squadra_in_champions_n1 squadra_in_champions_target squadra_punti_finali_n1 squadra_posizione_finale_n1 squadra_nuova_punti_finali_n1 squadra_nuova_posizione_finale_n1 quotazione_iniziale_n1 quotazione_attuale_n1 fvm_n1 quotazione_iniziale_target infortuni_n1_count infortuni_n1_giorni_totali infortuni_career_count altezza_m nazionalita piede_dominante titolarita_forum media_voto_forum salute_forum bonus_forum consiglio_esperti_forum totale_forum
feature_infos=-1:2:1:0:3 [0:1] [1:7] [0.5:10] [0:28] [0:15] [-76:108] [1:38] [4:7] [0:3420] [0:32.399444118142128] [0:12.840456929057837] [0:208] [0:38] [0:15] [0:3] [0:14] [0:4] [0:4] [1:10] [0:28.5] [0:11] [-74.5:91.5] [1:38] [5:7] [0:3420] [0:27.531273673598964] [0:10.716328046595056] [0:191.5] [0:38] [0:14] [0:2] [0:8.5] [0:3] [0:3] [0:2.25] [-4.5:2.833333333333333] [0:11] [-11:22] [0:6.2360956446232354] [-11:11] [0:34.75] [-61.5:69.5] [0:18] [-32:36] [0:0.94981736037512643] [-1.3157894736842106:1] [0:1620] [-2895:3240] [0:10.681196013465524] [-8.6136132180690765:21.362392026931047] [0:4.9391173347830772] [-6.2035563364624977:9.8782346695661545] [0:49] [-63:98] [0:18] [-33:36] [0:5.5] [-9:11] [0:1.5] [-2:3] [0:4.714045207910317] [-6:7] [0:1.699673171197595] [-3:3] [0:2] [-3:4] [2.6666666666666665:10] [0:28.5] [0:11] [-74.5:91.5] [1:38] [5:7] [0:3420] [0:27.531273673598964] [0:9.9446295751258713] [0:191.5] [0:38] [0:14] [0:2] [0:8.5] [0:3] [0:3] [15:41] [0:1] [0:1] [14:92] [1:20] [31:92] [1:18] [1:49] [1:50] none [1:49] [0:7] [0:408] [0:14] [1.6299999999999999:2.02] -1:44:3:9:63:73:31:69:56:20:83:0:16:8:64:19:34:75:7:35:72:65:76:68:1:55:80:71:36:22:24:58:77:15:59:61:47:85:27:60:2:54:37:38:12:25:41:45:52:53:62:81:4:11:30:40:50:66:86 -1:2:1:0 none none none none none none
tree_sizes=1354 1459 1451 1467 1445 1463 1469 1516 1442 1483 1459 1447 1457 1458 1477 1458 1495 1483 1446 1474 1477 1519 1541 1493 1509 1476 1458 1473 1482 1475 1488 1518 1476 1500 1525 1500 1523 1515 1523 1500 1473 1513 1508 1449 1515 1488 1466 1450 1460 1457 1502 1491 1509 1521 1473 1490 1501 1501 1530 1492

Tree=0
num_leaves=15
num_cat=1
split_feature=22 0 93 19 93 74 7 70 11 16 3 93 85 55
split_gain=249.249 108.523 73.6782 12.2436 11.8164 10.839 8.45335 4.93965 4.90816 5.41564 3.73441 3.69695 3.5999 3.30535
threshold=4.791666666666667 0 22.500000000000004 5.893817012916279 15.500000000000002 7.7559439287676168 4.5000000000000009 11.583333333333334 4.6861898722127089 2.5000000000000004 7.2806250000000015 9.5000000000000018 1.0000000180025095e-35 8.5122372841814755
decision_type=2 1 2 2 2 2 2 2 2 2 2 2 2 8
left_child=1 6 4 -3 7 -4 -1 -2 -7 -10 -6 -5 13 -8
right_child=2 3 5 11 10 8 12 -9 9 -11 -12 -13 -14 -15
leaf_value=5.971146664358896 6.0645970936320186 6.0420476134812446 6.093650255441049 6.0507587745927287 6.0882936020188101 6.1108502119892174 6.0057600356151131 6.0759807566139505 6.1241711183225664 6.1582869212322882 6.0632919914035348 6.0611502337287995 6.018658442091195 5.9848347008530602
leaf_weight=27 278 509 33 363 123 27 46 145 30 19 17 112 26 32
leaf_count=27 278 509 33 363 123 27 46 145 30 19 17 112 26 32
internal_value=6.0559 6.0414 6.07995 6.04752 6.07267 6.11758 6.0003 6.0685 6.12797 6.1374 6.08526 6.05321 6.00255 5.99718
internal_weight=1787 1115 672 984 563 109 131 423 76 49 140 475 104 78
internal_count=1787 1115 672 984 563 109 131 423 76 49 140 475 104 78
cat_boundaries=0 1
cat_threshold=8
is_linear=0
shrinkage=1


Tree=1
num_leaves=15
num_cat=1
split_feature=70 0 93 19 93 41 91 97 12 93 62 67 71 28
split_gain=223.276 104.242 59.9617 14.7694 9.25178 7.83101 7.08553 6.444 5.04691 4.21633 4.02358 3.93539 3.35042 2.87824
threshold=6.0500000000000007 0 23.500000000000004 5.893817012916279 12.500000000000002 12.770398082841876 30.500000000000004 1.8950000000000002 64.500000000000014 9.5000000000000018 1.0000000180025095e-35 7.3160291006045552 31.916666666666668 13.583333333333334
decision_type=2 1 2 2 2 8 10 10 2 2 10 2 2 2
left_child=1 5 4 13 -2 -1 11 -7 -6 -5 -10 -4 -8 -3
right_child=2 3 6 9 8 7 12 -9 10 -11 -12 -13 -14 -15
leaf_value=-0.047007585554901102 0.010534223005403007 -0.014853021217812432 0.039786733769099504 -0.0037006314319740861 0.020793352592211795 -0.090854894990722343 0.095522054153330191 -0.054926268125955885 0.027709342881690902 0.0061172339217518551 0.054855591972314183 0.064025194886507417 0.063101173241933192 -0.0057771554754903528
leaf_weight=81 215 397 34 411 213 24 17 26 39 149 21 33 14.999999999999998 112
leaf_count=81 215 397 34 411 213 24 17 26 39 149 21 33 15 112
internal_value=0.000219949 -0.0121412 0.0254897 -0.00662946 0.018292 -0.0525973 0.0609694 -0.072172 0.0244015 -0.00108838 0.0372105 0.0517251 0.0803248 -0.012856
internal_weight=1787 1200 587 1069 488 131 99 50 273 560 60 67 32 509
internal_count=1787 1200 587 1069 488 131 99 50 273 560 60 67 32 509
cat_boundaries=0 1
cat_threshold=8
is_linear=0
shrinkage=0.05


Tree=2
num_leaves=15
num_cat=1
split_feature=22 0 93 93 19 7 91 76 78 42 89 76 62 71
split_gain=203.857 88.259 60.0509 11.1017 9.87658 7.5345 6.39469 4.42284 4.25436 3.87215 3.84439 3.65718 3.36405 3.02376
threshold=4.791666666666667 0 23.500000000000004 15.500000000000002 5.893817012916279 2.5000000000000004 30.500000000000004 33.416666666666679 0.91666666666666685 -15.249999999999998 1.5000000000000002 82.666666666666671 1.0000000180025095e-35 31.916666666666668
decision_type=2 1 2 2 2 2 10 2 2 10 10 2 10 2
left_child=1 5 3 7 -3 -1 11 8 -2 -7 12 -4 -5 -8
right_child=2 4 6 10 -6 9 13 -9 -10 -11 -12 -13 -14 -15
leaf_value=-0.082031035870313643 0.028224169710566377 -0.01229821751143487 0.038620035790813134 0.026967908018876031 -0.0022736595422366487 -0.0643950985937283 0.090745949745178231 0.017603227991370089 0.0051775991567932569 -0.043138115741766812 0.011753590198444023 0.062112000525618598 0.04704030037478165 0.059946113427480067
leaf_weight=20 22 509 37 92 475 29 17 178 223 82 31 30 27 14.999999999999998
leaf_count=20 22 509 37 92 475 29 17 178 223 82 31 30 27 15
internal_value=0.000208952 -0.0129015 0.0219622 0.0157494 -0.00738409 -0.0499674 0.057921 0.011605 0.00724709 -0.0486917 0.0274366 0.0491388 0.0315221 0.0763085
internal_weight=1787 1115 672 573 984 131 99 423 245 111 150 67 119 32
internal_count=1787 1115 672 573 984 131 99 423 245 111 150 67 119 32
cat_boundaries=0 1
cat_threshold=8
is_linear=0
shrinkage=0.05


Tree=3
num_leaves=15
num_cat=1
split_feature=22 0 76 91 19 9 90 96 71 6 45 47 97 85
split_gain=183.981 79.6537 48.923 15.2192 8.91362 6.79989 5.9133 5.12469 4.83603 4.59356 3.84268 3.60914 5.67224 3.01516
threshold=4.791666666666667 0 58.100000000000009 26.500000000000004 5.893817012916279 179.50000000000003 13.500000000000002 4.5000000000000009 32.900000000000006 13.250000000000002 0.13694002150618192 772.219526034669 1.8950000000000002 1.0000000180025095e-35
decision_type=2 1 2 10 2 2 10 2 2 2 10 8 10 2
left_child=1 5 6 10 -3 -1 -2 8 -5 -8 -4 -7 -13 -6
right_child=2 4 3 7 13 11 9 -9 -10 -11 -12 12 -14 -15
leaf_value=-0.077929483950138101 0.009336848323000595 -0.011683306486168804 0.026483217536338741 0.08860779166221619 -0.0043339357148223599 -0.038812498272763507 0.014060960232216696 0.041659414221066983 0.052696683220565324 0.031090271700117175 0.045758795374777263 -0.078917351696226337 -0.042681741245366916 0.0051397397750006018
leaf_weight=20 340 509 70 25 366 66 99 15.999999999999998 14.999999999999998 66 41 18 27 109
leaf_count=20 340 509 70 25 366 66 99 16 15 66 41 18 27 109
internal_value=0.000198504 -0.0122564 0.0208641 0.0443241 -0.00701488 -0.047469 0.013106 0.0655749 0.0751411 0.0208727 0.033603 -0.0462572 -0.057176 -0.00215998
internal_weight=1787 1115 672 167 984 131 505 56 40 165 111 111 45 475
internal_count=1787 1115 672 167 984 131 505 56 40 165 111 111 45 475
cat_boundaries=0 1
cat_threshold=8
is_linear=0
shrinkage=0.05


Tree=4
num_leaves=15
num_cat=1
split_feature=70 0 93 19 93 47 74 11 75 91 12 12 62 85
split_gain=165.212 76.4691 44.4162 10.6935 7.21192 6.18418 5.43138 4.47502 4.13901 4.08358 3.9458 3.81819 3.49315 3.14209
threshold=6.0500000000000007 0 23.500000000000004 5.893817012916279 12.500000000000002 1081.4816970329862 8.1012325416086259 4.6861898722127089 5.8444709180854266 4.5000000000000009 64.500000000000014 9.5000000000000018 1.0000000180025095e-35 1.0000000180025095e-35
decision_type=2 1 2 2 2 8 2 2 2 10 2 2 10 2
left_child=1 5 4 -3 -2 13 -4 -8 -9 -7 -6 -5 -12 -1
right_child=2 3 6 11 10 9 7 8 -10 -11 12 -13 -14 -15
leaf_value=-0.046896136565995755 0.0088814340678834199 -0.01102166192881463 0.034266483102893007 -0.0058817189185443319 0.017934536618101873 -0.082585567898220497 0.043553817462032809 0.081886210899662096 0.050391459903296298 -0.050473145293918525 0.023597958700683638 0.0024892536140521246 0.048891657094160719 -0.025811945181339981
leaf_weight=67 215 509 29 234 213 18 26 27 17 22 39 326 21 24
leaf_count=67 215 509 29 234 213 18 26 27 17 22 39 326 21 24
internal_value=0.000188579 -0.0104444 0.0219256 -0.00572275 0.0157308 -0.0450956 0.0524617 0.0599997 0.0697178 -0.0649237 0.0211249 -0.00100862 0.0324508 -0.0413355
internal_weight=1787 1200 587 1069 488 131 99 70 44 40 273 560 60 91
internal_count=1787 1200 587 1069 488 131 99 70 44 40 273 560 60 91
cat_boundaries=0 1
cat_threshold=8
is_linear=0
shrinkage=0.05


Tree=5
num_leaves=15
num_cat=1
split_feature=22 0 28 10 3 91 7 36 52 42 34 97 9 11
split_gain=151.784 62.3256 45.5156 10.1071 7.30298 7.22385 6.46206 5.16717 4.45709 3.9453 4.20287 3.97649 3.81633 3.18807
threshold=4.791666666666667 0 60.416666666666679 8.7347299475222844 5.8968052738336718 18.500000000000004 2.5000000000000004 0.39727633477633467 0.095561233814805718 -12.749999999999998 0.83333333333333337 1.905 405.50000000000006 3.3117305710911755
decision_type=2 1 2 2 2 10 2 10 10 10 2 10 2 2
left_child=1 6 5 -4 -3 8 -1 13 12 11 -11 -8 -2 -5
right_child=2 4 3 7 -6 -7 9 -9 -10 10 -12 -13 -14 -15
leaf_value=-0.073545370297506449 0.025946111435239966 -0.0099931611728247566 0.027965825927007682 0.029813416444119958 -0.0012477587948166861 0.026736020128408523 -0.072090641316026452 0.071864541426852904 0.016533989296745388 -0.023743441819827609 -0.046105499055824783 -0.039632158110971039 0.0042482305096978997 0.053406792427930574
leaf_weight=15.999999999999998 22 511 67 21 448 73 15.999999999999998 27 155 47 38 23 257 45
leaf_count=16 22 511 67 21 448 73 16 27 155 47 38 23 257 45
internal_value=0.000705198 -0.0107144 0.0195211 0.0427715 -0.00584675 0.0121836 -0.0407311 0.053438 0.00973589 -0.0397818 -0.0337406 -0.0529485 0.00595917 0.0458998
internal_weight=1766 1099 667 160 959 507 140 93 434 124 85 39 279 66
internal_count=1766 1099 667 160 959 507 140 93 434 124 85 39 279 66
cat_boundaries=0 1
cat_threshold=8
is_linear=0
shrinkage=0.05


Tree=6
num_leaves=15
num_cat=1
split_feature=70 0 74 12 91 3 7 73 57 16 48 73 3 87
split_gain=135.767 56.8448 41.01 8.63719 7.90712 6.98184 5.83201 5.54861 3.85875 3.76686 3.64332 3.12013 3.32759 3.08376
threshold=4.791666666666667 0 8.1012325416086259 84.500000000000014 14.500000000000002 5.8968052738336718 2.5000000000000004 2443.416666666667 1.5664965809277263 2.5000000000000004 -726.49999999999989 1700.0833333333337 6.5363756613756623 7.5000000000000009
decision_type=2 1 2 2 10 2 2 2 8 2 8 2 2 2
left_child=1 6 4 8 11 13 -1 -5 -4 -9 -8 12 -2 -3
right_child=2 5 3 7 -6 -7 10 9 -10 -11 -12 -13 -14 -15
leaf_value=-0.069868102576583629 0.019548637460623134 -0.0020405842758784141 0.019583036540256393 0.077824843626307413 0.020980529468869264 -0.0010309873656073052 -0.014689318786064784 0.031612282958813014 0.048688475451328692 0.061932132854348135 -0.040972053061384676 0.0041771023466329405 0.0045838476609072233 -0.011569614993597169
leaf_weight=15.999999999999998 95 108 31 23 197 463 14.999999999999998 20 18 21 109 192 61 397
leaf_count=16 95 108 31 23 197 463 15 20 18 21 109 192 61 397
internal_value=0.000669938 -0.0100136 0.0186598 0.0460731 0.012976 -0.00540988 -0.0386946 0.0581686 0.0302748 0.047142 -0.0377927 0.00844465 0.013697 -0.00953172
internal_weight=1766 1108 658 113 545 968 140 64 49 41 124 348 156 505
internal_count=1766 1108 658 113 545 968 140 64 49 41 124 348 156 505
cat_boundaries=0 1
cat_threshold=8
is_linear=0
shrinkage=0.05


Tree=7
num_leaves=15
num_cat=1
split_feature=22 0 93 12 3 35 93 23 28 11 47 25 67 86
split_gain=123.924 50.7171 46.9571 6.7284 5.94139 5.27696 5.61327 4.5694 3.8016 4.70069 4.78965 3.16224 2.75019 2.71191
threshold=4.791666666666667 0 23.500000000000004 64.500000000000014 5.8968052738336718 0.29788601619864313 6.5000000000000009 26.833333333333339 94.166666666666671 5.0847575324587533 182.17839656409848 1719.1666666666667 4.1365000463477948 59.500000000000007
decision_type=2 1 2 2 2 8 2 2 2 2 10 2 2 2
left_child=1 5 3 11 13 6 -1 -4 -9 -10 -11 -2 -7 -3
right_child=2 4 7 -5 -6 12 -8 8 9 10 -12 -13 -14 -15
leaf_value=-0.0023067736128966013 0.013908453100222224 -0.010838633778033156 0.072061770190210914 0.025738341762304408 -0.0011426438405058954 -0.029601810723543166 -0.03702582875983073 0.032870069093492237 0.030698456304768723 0.085092542767524704 0.045764953549951318 0.0058376832124016498 -0.053620727135446571 -0.0016919037013655843
leaf_weight=14.999999999999998 235 410 17 76 448 14.999999999999998 52 42 14.999999999999998 15.000000000000002 15.999999999999998 251 58 101
leaf_count=15 235 410 17 76 448 15 52 42 15 15 16 251 58 101
internal_value=0.000636441 -0.00968208 0.017638 0.0119037 -0.00529064 -0.0367598 -0.0292529 0.0483304 0.043746 0.0536762 0.0647944 0.00974022 -0.0486853 -0.00903077
internal_weight=1766 1099 667 562 959 140 67 105 88 46 31 486 73 511
internal_count=1766 1099 667 562 959 140 67 105 88 46 31 486 73 511
cat_boundaries=0 1
cat_threshold=8
is_linear=0
shrinkage=0.05


Tree=8
num_leaves=15
num_cat=0
split_feature=22 70 28 10 10 91 87 36 23 29 10 91 74 19
split_gain=111.842 41.2579 34.5201 7.64107 7.00935 5.70675 5.64607 4.20623 4.03782 3.78374 3.43757 3.5101 3.40485 3.23499
threshold=4.791666666666667 -5.2499999999999991 60.416666666666679 8.7347299475222844 0.96003374364227068 18.500000000000004 6.5000000000000009 0.39727633477633467 28.583333333333339 1.0000000180025095e-35 0.035176748409867259 1.5000000000000002 3.1808393636407959 5.1422255808440029
decision_type=2 2 2 2 2 10 2 10 2 2 2 8 2 2
left_child=1 13 5 -4 6 8 9 -5 12 -3 11 -8 -2 -1
right_child=2 4 3 7 -6 -7 10 -9 -10 -11 -12 -13 -14 -15
leaf_value=-0.041608732359155139 0.00649744763117561 0.020646900259372263 0.024131005820852997 0.039477489919712144 0.00014548524912762724 0.023300465903155609 -0.041589826312573519 0.062903820530132021 0.00097438279650549392 -0.0035800204573005635 -0.0098213347221938561 -0.01553802863755091 0.017185113546640977 -0.024646839552692007
leaf_weight=85 162 18 67 66 336 73 17 27 134 154 393 54 138 42
leaf_count=85 162 18 67 66 336 73 17 27 134 154 393 54 138 42
internal_value=0.000604619 -0.00919797 0.0167561 0.0370043 -0.00569615 0.0103661 -0.0087823 0.0462787 0.00819055 -0.00104465 -0.0116506 -0.0217758 0.0114138 -0.0359993
internal_weight=1766 1099 667 160 972 507 636 93 434 172 464 71 300 127
internal_count=1766 1099 667 160 972 507 636 93 434 172 464 71 300 127
is_linear=0
shrinkage=0.05


Tree=9
num_leaves=15
num_cat=1
split_feature=22 0 93 12 7 93 44 67 23 52 76 11 16 9
split_gain=100.937 41.7057 39.0386 5.66346 5.27316 5.86137 5.58382 5.21432 4.25718 3.40565 3.31261 3.78015 5.07306 3.05572
threshold=4.791666666666667 0 23.500000000000004 82.500000000000014 2.5000000000000004 3.5000000000000004 4.2500000000000009 5.8828519323589328 26.833333333333339 0.095561233814805718 82.666666666666671 4.8867696989327678 2.5000000000000004 405.50000000000006
decision_type=2 1 2 2 2 2 8 2 2 10 2 2 2 2
left_child=1 4 3 9 -1 6 -6 -3 -4 13 -10 -12 -13 -2
right_child=2 7 8 -5 5 -7 -8 -9 10 -11 11 12 -14 -15
leaf_value=-0.0626839469303377 0.023530788727415108 -0.008559272332994897 0.066809693811570897 0.031116824253695087 0.0014397600576991128 -0.039273286375334893 -0.037767524889204651 -0.0011843448561283695 0.026954554868015373 0.014625588210004771 0.029652203600853685 0.039433146581838011 0.077645378001034271 0.0050054644015251745
leaf_weight=15.999999999999998 24 471 17 32 21 87 15.999999999999998 488 33 199 20 19 15.999999999999998 307
leaf_count=16 24 471 17 32 21 87 16 488 33 199 20 19 16 307
internal_value=0.000574388 -0.00873807 0.0159183 0.0106898 -0.0332918 -0.032184 -0.0155147 -0.00475684 0.0439035 0.00945643 0.0394784 0.0469927 0.0569016 0.00634869
internal_weight=1766 1099 667 562 140 124 37 959 105 530 88 55 35 331
internal_count=1766 1099 667 562 140 124 37 959 105 530 88 55 35 331
cat_boundaries=0 1
cat_threshold=8
is_linear=0
shrinkage=0.05


Tree=10
num_leaves=15
num_cat=2
split_feature=74 0 93 6 6 8 71 86 71 72 11 57 99 43
split_gain=99.9976 47.0266 24.5337 11.672 8.45011 5.02932 4.70447 4.42948 4.21511 5.70685 4.13231 3.66094 3.93584 3.1565
threshold=3.4321870215935637 0 26.500000000000004 3.7500000000000004 -2.2499999999999996 6.3239268680445155 32.291666666666679 65.500000000000014 19.083333333333339 5.8567765567765582 0.78529304172843706 0.87965281125489481 1 2.4719640003162362
decision_type=2 1 2 2 2 2 2 2 2 2 2 10 9 10
left_child=1 4 8 7 5 -1 13 10 -2 -10 -3 -11 -13 -4
right_child=2 3 6 -5 -6 -7 -8 -9 9 11 -12 12 -14 -15
leaf_value=-0.036218752989581986 0.035769765863195066 -0.011630983149899229 0.076989170163869858 0.004580166263585852 -0.071605375794072945 -0.0082005274433054436 0.03425230774386176 0.00024578925639364937 -0.012123213777024496 0.0095613658190451707 -0.0038044638932106176 0.0047276098513975746 0.024404769028138193 0.047684690896421675
leaf_weight=102 25 409 17 320 14.999999999999998 19 29 188 19 123 287 31 141 20
leaf_count=102 25 409 17 320 15 19 29 188 19 123 287 31 141 20
internal_value=-0.000331169 -0.00691141 0.0214405 -0.00357256 -0.0337274 -0.0318192 0.0493307 -0.00656419 0.0160106 0.0144374 -0.00840367 0.0161481 0.0208583 0.0611489
internal_weight=1745 1340 405 1204 136 121 66 884 339 314 696 295 172 37
internal_count=1745 1340 405 1204 136 121 66 884 339 314 696 295 172 37
cat_boundaries=0 1 2
cat_threshold=8 2
is_linear=0
shrinkage=0.05


Tree=11
num_leaves=15
num_cat=1
split_feature=26 0 93 13 93 28 8 30 3 73 72 91 51 54
split_gain=88.212 41.5604 24.1584 9.34459 9.19718 4.9658 4.0701 3.66388 3.60312 3.46283 3.69479 3.39474 3.33694 3.13739
threshold=3.104524632217363 0 26.500000000000004 1.5000000000000002 6.5000000000000009 60.166666666666679 6.3239268680445155 1.0000000180025095e-35 6.2390476190476205 1049.2500000000002 5.8599640908504487 30.500000000000004 0.67458100646141861 16.250000000000004
decision_type=2 1 2 2 2 2 2 2 2 2 2 10 10 8
left_child=1 3 5 -1 7 9 -5 -3 -6 -2 -11 -4 -7 -13
right_child=2 4 11 6 8 12 -8 -9 -10 10 -12 13 -14 -15
leaf_value=-0.066920466113247368 0.027295815239527395 0.0031880144502364977 0.034442152082920077 -0.033091896136451249 -0.0020113904519074117 0.0096713245085751024 -0.0072448181298871836 -0.009102553550354579 0.0064555655832809868 -0.010342208182682163 0.010692975923959352 0.04161115415832576 0.029602585030453543 0.071177953599314933
leaf_weight=19 28 68 30 99 338 30 18 560 200 23 226 17 70 19
leaf_count=19 28 68 30 99 338 30 18 560 200 23 226 17 70 19
internal_value=-0.00031461 -0.00687202 0.018958 -0.032041 -0.00363043 0.0140725 -0.0291154 -0.00777173 0.00113618 0.0106246 0.00874997 0.0468642 0.0236232 0.0572159
internal_weight=1745 1302 443 136 1166 377 117 628 538 277 249 66 100 36
internal_count=1745 1302 443 136 1166 377 117 628 538 277 249 66 100 36
cat_boundaries=0 1
cat_threshold=8
is_linear=0
shrinkage=0.05


Tree=12
num_leaves=15
num_cat=1
split_feature=74 0 93 6 9 86 93 57 28 73 57 91 51 12
split_gain=81.8258 38.2591 19.9107 9.67272 8.43349 3.86001 3.70567 3.58992 3.57528 3.71547 3.36778 3.06376 3.01159 2.93099
threshold=3.4321870215935637 0 26.500000000000004 3.7500000000000004 162.50000000000003 65.500000000000014 3.5000000000000004 1.0000000180025095e-35 60.166666666666679 1035.2500000000002 1.7926456271808611 30.500000000000004 0.67458100646141861 7.5000000000000009
decision_type=2 1 2 2 2 2 2 10 2 2 10 10 10 2
left_child=1 4 8 5 -1 13 7 -6 9 -2 -11 -4 -10 -3
right_child=2 3 11 -5 6 -7 -8 -9 12 10 -12 -13 -14 -15
leaf_value=-0.063574442188990749 0.032395882958448245 -0.010962039018578824 0.032720044727126758 0.0041824269132303016 -0.029294068671085617 0.00039449681384251154 -0.034195401291608023 0.00037583061739018093 0.0091877583313422894 0.0059953075656256479 0.020757258767262102 0.054355060919705371 0.028122455655331058 -0.0044722358910142005
leaf_weight=19 19 344 30 320 22 188 76 19 30 170 50 36 70 352
leaf_count=19 19 344 30 320 22 188 76 19 30 170 50 36 70 352
internal_value=-0.00029888 -0.00625128 0.0193955 -0.0032394 -0.030439 -0.00596267 -0.0276597 -0.0155446 0.0145038 0.0111824 0.0093503 0.044521 0.022442 -0.00767984
internal_weight=1745 1340 405 1204 136 884 117 41 339 239 220 66 100 696
internal_count=1745 1340 405 1204 136 884 117 41 339 239 220 66 100 696
cat_boundaries=0 1
cat_threshold=8
is_linear=0
shrinkage=0.05


Tree=13
num_leaves=15
num_cat=1
split_feature=6 0 93 9 90 93 71 8 36 51 36 96 53 43
split_gain=72.3335 31.2456 22.8363 7.61122 6.45529 5.5028 4.06363 3.64342 3.34843 4.39692 3.23369 3.08465 2.95085 2.88213
threshold=6.2500000000000009 0 26.500000000000004 162.50000000000003 8.5000000000000018 15.500000000000002 32.291666666666679 6.3239268680445155 -0.28965132090132112 0.66884973292648164 -0.50496089256958798 1.0000000180025095e-35 13.169797739216788 2.4719640003162362
decision_type=2 1 2 2 8 2 2 2 8 8 8 2 10 10
left_child=1 3 5 -1 11 10 13 -5 -7 -10 -2 -3 -12 -4
right_child=2 4 6 7 -6 8 -8 -9 9 -11 12 -13 -14 -15
leaf_value=-0.060395720052091699 0.026890010857268384 -0.0009746378483250738 0.068414900451898575 -0.030038943025048333 0.0027430400323184105 0.037240117946639659 0.028281088552341377 -0.0055841614582782823 -0.0010201947283349001 0.019751133157126607 0.0033125497522875479 -0.0081447721491373758 0.016777011943144762 0.040412974283099173
leaf_weight=19 19 200 17 99 258 20 29 18 32 125 240 600 49 20
leaf_count=19 19 200 17 99 258 20 29 18 32 125 240 600 49 20
internal_value=-0.000283936 -0.00719931 0.0147015 -0.028917 -0.00409559 0.0109465 0.0422949 -0.0262767 0.017972 0.0155175 0.00690908 -0.00635224 0.00559545 0.0532787
internal_weight=1745 1194 551 136 1058 485 66 117 177 157 308 800 289 37
internal_count=1745 1194 551 136 1058 485 66 117 177 157 308 800 289 37
cat_boundaries=0 1
cat_threshold=8
is_linear=0
shrinkage=0.05


Tree=14
num_leaves=15
num_cat=1
split_feature=74 0 93 6 9 24 93 57 28 73 57 27 64 6
split_gain=67.1975 31.0979 16.1129 8.0225 6.86913 3.38284 3.3497 3.20636 2.99876 3.41249 3.06964 2.75119 2.72617 3.0368
threshold=3.4321870215935637 0 26.500000000000004 3.7500000000000004 162.50000000000003 5.9834235209235223 3.5000000000000004 1.0000000180025095e-35 60.166666666666679 1049.2500000000002 1.7926456271808611 0.78749843981737899 -1.0000000180025095e-35 36.250000000000007
decision_type=2 1 2 2 2 2 2 10 2 2 10 2 10 2
left_child=1 4 8 5 -1 11 7 -6 9 -2 -11 -3 -10 -14
right_child=2 3 -4 -5 6 -7 -8 -9 12 10 -12 -13 13 -15
leaf_value=-0.05737593417104922 0.029384971951090157 -0.0098207936748029405 0.040180168696679175 0.0038111898312126872 -0.026438576110046019 -0.00015038369643034216 -0.031176748237033425 0.001601567609529746 0.0072088473077331272 0.005044090952738077 0.019156538164243106 -0.0031893151466647397 0.030863139918890965 0.0055782333761453633
leaf_weight=19 21 402 66 320 22 226 76 19 28 168 50 256 57 14.999999999999998
leaf_count=19 21 402 66 320 22 226 76 19 28 168 50 256 57 15
internal_value=-0.000269739 -0.0056639 0.0175776 -0.00294797 -0.0274712 -0.00542807 -0.0249628 -0.0134444 0.0131771 0.0101352 0.00828089 -0.00724077 0.0204472 0.0255955
internal_weight=1745 1340 405 1204 136 884 117 41 339 239 218 658 100 72
internal_count=1745 1340 405 1204 136 884 117 41 339 239 218 658 100 72
cat_boundaries=0 1
cat_threshold=8
is_linear=0
shrinkage=0.05


Tree=15
num_leaves=15
num_cat=2
split_feature=28 0 93 6 93 0 93 3 41 41 61 9 25 75
split_gain=53.6919 30.0701 17.4983 7.26678 5.51263 3.95159 3.88265 3.43944 2.91668 2.86516 2.63025 2.61219 2.39878 4.56599
threshold=26.583333333333339 0 23.500000000000004 -1.2499999999999998 9.5000000000000018 1 9.5000000000000018 7.2806250000000015 26.105500179305526 12.526056794587577 0.48570226039551589 2181.5000000000005 942.83333333333337 0.79384246258996438
decision_type=2 1 2 2 2 1 2 2 8 10 8 2 2 2
left_child=1 3 6 9 5 12 10 -8 11 -1 -2 -4 13 -3
right_child=2 4 8 -5 -6 -7 7 -9 -10 -11 -12 -13 -14 -15
leaf_value=-0.021140464092604817 0.0055327951621692928 -0.0014442212534959255 0.042752145854756236 -0.062116153885920844 0.0040023964160499602 -0.0078236147220754493 0.012341855857260034 -0.0069538067616522316 0.048226976252737502 -0.038821167148028815 -0.011723376201767036 0.021749935230534329 -0.0047288677037307407 0.017387775208822689
leaf_weight=97 63 128 20 14.999999999999998 201 540 303 25 21 30 34 57 205 43
leaf_count=97 63 128 20 15 201 540 303 25 21 30 34 57 205 43
internal_value=-0.000801823 -0.00639564 0.012664 -0.0272829 -0.00346505 -0.00514148 0.00827226 0.0108711 0.0317098 -0.025317 -0.00051576 0.0272051 -0.00105338 0.00329131
internal_weight=1782 1259 523 142 1117 916 425 328 98 127 97 77 376 171
internal_count=1782 1259 523 142 1117 916 425 328 98 127 97 77 376 171
cat_boundaries=0 1 2
cat_threshold=8 3
is_linear=0
shrinkage=0.05


Tree=16
num_leaves=15
num_cat=0
split_feature=70 10 74 76 9 11 8 77 62 11 87 7 3 87
split_gain=47.925 26.2446 10.2015 6.6352 5.76564 5.33263 4.86428 4.67634 4.10555 3.86071 3.455 3.42852 4.63305 4.16297
threshold=11.583333333333334 0.013116050045937253 8.1012325416086259 10.708333333333334 17.500000000000004 3.3452756460756068 5.8732142857142859 4.2500000000000009 2.7500000000000004 3.0493397070094947 6.5000000000000009 4.5000000000000009 5.5281746031746044 7.5000000000000009
decision_type=2 2 2 2 2 2 2 2 8 2 2 2 2 2
left_child=1 4 10 -3 -1 -4 -6 -5 -7 -9 -2 13 -13 -8
right_child=2 3 5 7 6 8 11 9 -10 -11 -12 12 -14 -15
leaf_value=0.0068102517822647805 0.016588165018086631 -0.0063603116303098898 0.013611065715464743 0.027860734844580293 -0.0091159033464888722 0.029776925907133087 -0.021431234384363052 -0.0013123778080786424 0.059123489807049436 0.0084321752266958358 0.0047129578996120266 -0.027436690338220854 0.002402288827385443 -0.054950304642658349
leaf_weight=17 105 516 43 15.999999999999998 45 58 15.999999999999998 544 14.999999999999998 125 147 98 14.999999999999998 22
leaf_count=17 105 516 43 16 45 58 16 544 15 125 147 98 15 22
internal_value=-0.000763927 -0.00494701 0.0153091 -0.00207832 -0.0211221 0.0275792 -0.0235448 0.00114724 0.035807 0.000508353 0.00966096 -0.0278448 -0.0234758 -0.040837
internal_weight=1782 1414 368 1201 213 116 196 685 73 669 252 151 113 38
internal_count=1782 1414 368 1201 213 116 196 685 73 669 252 151 113 38
is_linear=0
shrinkage=0.05


Tree=17
num_leaves=15
num_cat=2
split_feature=12 0 93 93 6 0 87 87 37 49 51 41 78 51
split_gain=43.6203 26.8758 11.4429 7.62824 6.37803 3.6112 3.2527 2.92455 3.26411 2.90587 2.96096 2.59765 2.4447 2.29655
threshold=35.500000000000007 0 23.500000000000004 9.5000000000000018 -1.2499999999999998 1 5.5000000000000009 3.5000000000000004 3.4496731711975954 4.2850278224690976 0.98073245002888154 12.526056794587577 0.91666666666666685 0.035265673883259262
decision_type=2 1 2 2 2 1 2 2 10 8 10 10 2 8
left_child=1 4 -2 5 11 6 12 8 -4 10 -9 13 -3 -1
right_child=2 3 7 -5 -6 -7 -8 9 -10 -11 -12 -13 -14 -15
leaf_value=-0.012075542956802318 0.0092015818571222537 0.026299224874625604 0.054555796243642513 0.0047722071582231573 -0.057250811502647894 -0.0071298879957460565 -0.0030615546240989914 -0.0020321935677202418 0.02524750446410556 0.038863141834735875 0.025513140430673958 -0.03563367675368985 0.0039373616884969325 -0.027602546872194145
leaf_weight=55 285 14.999999999999998 19 288 14.999999999999998 546 343 15.999999999999998 19 18 25 30 66 42
leaf_count=55 285 15 19 288 15 546 343 16 19 18 25 30 66 42
internal_value=-0.000725731 -0.00481201 0.0142502 -0.00235456 -0.0246792 -0.00449482 -0.000911887 0.0290836 0.0399017 0.0221161 0.0147637 -0.0227754 0.00807845 -0.0187986
internal_weight=1782 1400 382 1258 142 970 424 97 38 59 41 127 81 97
internal_count=1782 1400 382 1258 142 970 424 97 38 59 41 127 81 97
cat_boundaries=0 1 2
cat_threshold=8 3
is_linear=0
shrinkage=0.05


Tree=18
num_leaves=15
num_cat=1
split_feature=22 0 93 9 93 87 87 49 37 14 22 51 53 9
split_gain=41.8332 18.3042 17.6119 4.58138 3.72291 2.87043 2.82218 2.73233 2.64687 2.58934 2.35246 2.28597 2.1565 2.13365
threshold=3.2083333333333335 0 23.500000000000004 162.50000000000003 10.500000000000002 5.5000000000000009 3.5000000000000004 4.947200215754 3.4496731711975954 1.5000000000000002 -42.499999999999993 0.98073245002888154 1.4571067811865477 1041.0000000000002
decision_type=2 1 2 2 2 2 2 8 10 2 2 10 8 2
left_child=1 3 4 -1 9 -3 8 11 -4 13 -5 -8 -7 -2
right_child=2 5 6 10 -6 12 7 -9 -10 -11 -12 -13 -14 -15
leaf_value=-0.0466542124104481 0.014624777631252073 0.00085575238300057569 0.049461635879494925 -0.033772298886344351 0.0081337527827903006 -0.013378846641608525 -0.0003304398180369069 0.037605168758069768 0.023985129183060245 -0.0024761128673629132 -0.017440624668202159 0.023248718231200026 -0.0049436411858628333 -0.0044836916162499362
leaf_weight=21 48 195 22 29 408 87 17 17 19 193 92 26 587 21
leaf_count=21 48 195 22 29 408 87 17 17 19 193 92 26 587 21
internal_value=-0.000691445 -0.00738148 0.00808109 -0.0234452 0.00514703 -0.00443573 0.0275447 0.0206356 0.0376554 0.000495962 -0.0213548 0.0139267 -0.00603246 0.00880916
internal_weight=1782 1011 771 142 670 869 101 60 41 262 121 43 674 69
internal_count=1782 1011 771 142 670 869 101 60 41 262 121 43 674 69
cat_boundaries=0 1
cat_threshold=8
is_linear=0
shrinkage=0.05


Tree=19
num_leaves=15
num_cat=1
split_feature=28 0 93 6 93 97 93 3 75 77 87 37 49 85
split_gain=36.6865 19.8972 11.6115 5.37725 3.77526 3.24039 2.8606 3.17253 2.58661 2.67461 2.52333 2.69186 2.48432 2.39267
threshold=26.583333333333339 0 23.500000000000004 -1.2499999999999998 7.5000000000000009 1.7250000000000003 9.5000000000000018 7.2806250000000015 0.76973340990177064 10.900000000000002 3.5000000000000004 3.3495889939662065 4.2850278224690976 1.0000000180025095e-35
decision_type=2 1 2 2 2 8 2 2 2 2 2 10 8 2
left_child=1 3 6 13 5 -3 -2 -8 -7 -10 11 -4 -12 -1
right_child=2 4 10 -5 -6 8 7 -9 9 -11 12 -13 -14 -15
leaf_value=-0.024563924031966229 -0.00064666093010263355 0.013107750421234719 0.050097992064224356 -0.05215293899023285 0.0012090448757737398 -0.0078963578076865007 0.010539775587911887 -0.0079920687987469138 0.0085981639449064628 -0.0040993919027633632 0.012943294547897364 0.023445565123111009 0.035145102938016252 -0.0089147272350435913
leaf_weight=94 97 24 18 14.999999999999998 370 450 303 25 51 222 42 20 18 33
leaf_count=94 97 24 18 15 370 450 303 25 51 222 42 20 18 33
internal_value=-0.000656872 -0.00528076 0.0104741 -0.022273 -0.00289529 -0.00496698 0.00689653 0.00912729 -0.00556697 -0.00172732 0.0259888 0.0360704 0.0196038 -0.0204976
internal_weight=1782 1259 523 142 1117 747 425 328 723 273 98 38 60 127
internal_count=1782 1259 523 142 1117 747 425 328 723 273 98 38 60 127
cat_boundaries=0 1
cat_threshold=8
is_linear=0
shrinkage=0.05


Tree=20
num_leaves=15
num_cat=1
split_feature=12 0 10 6 93 11 20 86 29 11 93 8 14 97
split_gain=34.2435 17.7433 8.6703 7.61107 5.31563 3.58692 6.06467 3.4421 3.42002 5.11773 3.05432 3.07589 2.24059 2.85655
threshold=35.500000000000007 0 12.400493150576951 -1.2499999999999998 6.5000000000000009 4.8867696989327678 12.250000000000002 35.500000000000007 4.166666666666667 0.37327600084245205 3.5000000000000004 6.0986111111111123 4.5000000000000009 1.8750000000000002
decision_type=2 1 2 2 2 2 2 2 2 2 2 2 2 10
left_child=1 3 7 10 8 6 -4 -2 9 -3 11 -1 13 -9
right_child=2 4 5 -5 -6 -7 -8 12 -10 -11 -12 -13 -14 -15
leaf_value=-0.018740928083144384 -0.010603802504115984 -0.0014296743013682833 0.038089861692615641 -0.054626049498716994 0.001767017451745253 0.043263451613742732 -0.0044396858103573321 0.012271261475527557 -0.0063259527116315446 0.027722772655801642 -0.023420969546331386 0.0054575982115541901 0.0062622226020321251 0.029993788194325233
leaf_weight=29 19 92 19 14.999999999999998 618 29 14.999999999999998 144 544 18 76 24 125 27
leaf_count=29 19 92 19 15 618 29 15 144 544 18 76 24 125 27
internal_value=4.24978e-05 -0.00352663 0.0134126 -0.0195577 -0.00154588 0.0303453 0.0193268 0.010026 -0.00470006 0.00334073 -0.0169961 -0.0077831 0.0113502 0.0150696
internal_weight=1794 1416 378 144 1272 63 34 315 654 110 129 53 296 171
internal_count=1794 1416 378 144 1272 63 34 315 654 110 129 53 296 171
cat_boundaries=0 1
cat_threshold=8
is_linear=0
shrinkage=0.05


Tree=21
num_leaves=15
num_cat=2
split_feature=26 0 27 6 93 91 71 39 0 25 20 93 44 8
split_gain=31.4711 17.0154 7.73773 6.86899 6.36315 3.90092 6.09916 3.32708 2.84595 3.80209 3.41149 2.75652 2.91252 3.54279
threshold=4.8898021285422155 0 2.7205019583925609 -1.2499999999999998 10.500000000000002 30.500000000000004 32.291666666666679 0.87965281125489481 1 969.66666666666686 2.416666666666667 3.5000000000000004 4.2500000000000009 6.0986111111111123
decision_type=2 1 2 2 2 10 2 10 1 2 2 2 8 2
left_child=1 3 7 11 8 -4 -7 -2 9 10 -3 12 13 -1
right_child=2 4 5 -5 -6 6 -8 -9 -10 -11 -12 -13 -14 -15
leaf_value=-0.013886044576065612 -0.0041073264623583674 0.003594035617912974 0.017732488477504263 -0.051894746397932373 0.0053488317678305692 0.056225675986044936 0.013055868446826935 0.016038462909637018 -0.0052063874248705275 -0.003474206354985054 0.028451234350601835 -0.022249920937649319 -0.021307438696649944 0.019937401687105498
leaf_weight=16.000000000000004 57 173 161 14.999999999999998 304 18 14.999999999999998 32 572 303 14.999999999999998 76 22 14.999999999999998
leaf_count=16 57 173 161 15 304 18 15 32 572 303 15 76 22 15
internal_value=4.03729e-05 -0.00282562 0.0153426 -0.0185798 -0.00102267 0.0209424 0.036603 0.0031361 -0.00285444 -8.27914e-06 0.00557732 -0.0161463 -0.00739395 0.00248014
internal_weight=1794 1511 283 144 1367 194 33 89 1063 491 188 129 53 31
internal_count=1794 1511 283 144 1367 194 33 89 1063 491 188 129 53 31
cat_boundaries=0 1 2
cat_threshold=8 3
is_linear=0
shrinkage=0.05


Tree=22
num_leaves=15
num_cat=1
split_feature=26 0 6 93 11 91 71 30 3 93 44 8 39 50
split_gain=28.4083 15.3528 6.19926 5.87719 5.86112 4.27161 5.17562 2.94249 2.6295 2.48776 2.62855 3.19737 2.41551 2.26789
threshold=4.8898021285422155 0 -1.2499999999999998 6.5000000000000009 2.1947606997564439 30.500000000000004 32.291666666666679 1.0000000180025095e-35 7.2207792207792219 3.5000000000000004 4.2500000000000009 6.0986111111111123 0.87965281125489481 3.6987516018562023
decision_type=2 1 2 2 2 10 2 2 2 2 8 2 10 10
left_child=1 2 9 7 8 -6 -7 -3 12 10 11 -1 -2 -5
right_child=4 3 -4 13 5 6 -8 -9 -10 -11 -12 -13 -14 -15
leaf_value=-0.013191742132767102 -0.0019808527179843477 0.0052303147982661682 -0.04930000787368044 0.0017620586385374744 0.01551440606647197 0.051256090300157667 0.012403075012067954 -0.0055465517114920088 -0.016701142871752381 -0.021137424905808937 -0.020242066850716417 0.018940531350672248 0.019682246539741755 0.021412810683250429
leaf_weight=16.000000000000004 31 71 14.999999999999998 694 180 20 14.999999999999998 587 14.999999999999998 76 22 14.999999999999998 22 14.999999999999998
leaf_count=16 31 71 15 694 180 20 15 587 15 76 22 15 22 15
internal_value=3.69033e-05 -0.00268606 -0.0176508 -0.00097343 0.0145754 0.0186221 0.0346048 -0.0043837 0.00178067 -0.015339 -0.00702425 0.00235613 0.00701138 0.0021778
internal_weight=1794 1511 144 1367 283 215 35 658 68 129 53 31 53 709
internal_count=1794 1511 144 1367 283 215 35 658 68 129 53 31 53 709
cat_boundaries=0 1
cat_threshold=8
is_linear=0
shrinkage=0.05


Tree=23
num_leaves=15
num_cat=1
split_feature=6 0 74 6 36 1 96 11 87 10 11 25 97 96
split_gain=25.776 11.3013 9.83222 5.59483 3.36419 3.53347 3.13983 3.13865 2.91761 2.87075 2.64022 4.56133 2.52665 4.73563
threshold=6.2500000000000009 0 8.1012325416086259 -1.2499999999999998 -0.58184523809523825 1.0000000180025095e-35 1.5000000000000002 3.3452756460756068 10.500000000000002 3.5207635145634417 0.42357099754735833 642.50000000000011 1.7950000000000002 2.5000000000000004
decision_type=2 1 2 2 8 2 2 2 2 2 2 2 10 2
left_child=1 3 4 -1 -2 9 8 -4 -3 -6 -8 -12 -9 -14
right_child=2 6 7 -5 5 -7 10 12 -10 -11 11 -13 13 -15
leaf_value=-0.01457204028270063 0.02808785925153643 0.0051122677471132222 0.010230476838989637 -0.046835008611281717 0.0025138913114752734 -0.0031257932127455542 -0.0083577016827294705 0.013861828259277073 -0.0033613790107762166 0.011693979456272659 0.019761085222758677 -0.0031558617367671705 0.048594785350616336 0.018394664221938001
leaf_weight=129 15.999999999999998 221 37 14.999999999999998 165 108 254 22 188 176 23 388 27 25
leaf_count=129 16 221 37 15 165 108 254 22 188 176 23 388 27 25
internal_value=3.50581e-05 -0.00408643 0.00875029 -0.0167683 0.00555861 0.00475578 -0.00220937 0.0221208 0.00121729 0.007252 -0.00435011 -0.0018734 0.028066 0.0340755
internal_weight=1794 1218 576 144 465 449 1074 111 409 341 665 411 74 52
internal_count=1794 1218 576 144 465 449 1074 111 409 341 665 411 74 52
cat_boundaries=0 1
cat_threshold=8
is_linear=0
shrinkage=0.05


Tree=24
num_leaves=15
num_cat=1
split_feature=22 76 0 6 52 93 97 86 72 97 25 28 87 88
split_gain=23.6582 10.153 8.26403 5.04934 3.54739 2.64837 2.61622 2.55927 2.8835 2.51752 2.41658 4.14001 2.34703 2.56584
threshold=2.916666666666667 70.833333333333357 0 -1.2499999999999998 0.77107187709771108 11.500000000000002 1.8750000000000002 58.000000000000007 5.6078098290598302 1.8150000000000002 593.50000000000011 10.833333333333334 5.5000000000000009 86.000000000000014
decision_type=2 2 1 2 10 2 10 2 2 8 2 2 2 8
left_child=2 4 3 12 10 -6 9 -4 -9 -7 11 -2 -1 -14
right_child=1 -3 7 -5 5 6 -8 8 -10 -11 -12 -13 13 -15
leaf_value=-0.0034067341077484584 0.00093665971459510429 0.020872141629941048 -0.0051536534136353068 -0.044493257993211355 0.0015961893173781307 0.019775082163037139 0.032461847504600884 0.0220726631830136 -0.00047783491243662442 0.0033211452329693285 0.001310790025483414 0.0337715158239007 0.00069676996053506931 -0.021931568143497171
leaf_weight=38 24 104 554 14.999999999999998 55 47 18 14.999999999999998 258 46 513 15.999999999999998 14.999999999999998 76
leaf_count=38 24 104 554 15 55 47 18 15 258 46 513 16 15 76
internal_value=3.33052e-05 0.00627007 -0.00525285 -0.0159299 0.00415795 0.0105681 0.0150136 -0.00316286 0.000761203 0.0116366 0.00223374 0.0140706 -0.0138434 -0.0182016
internal_weight=1794 823 971 144 719 166 111 827 273 93 553 40 129 91
internal_count=1794 823 971 144 719 166 111 827 273 93 553 40 129 91
cat_boundaries=0 1
cat_threshold=8
is_linear=0
shrinkage=0.05


Tree=25
num_leaves=15
num_cat=1
split_feature=70 0 12 41 78 12 71 87 51 70 55 29 35 96
split_gain=23.888 10.4366 6.11439 4.33987 4.83912 4.06833 2.80606 3.17674 2.62615 2.71643 2.27597 2.25556 2.1672 2.23976
threshold=11.29166666666667 0 90.500000000000014 13.734705209085563 0.2678571428571429 9.5000000000000018 19.083333333333339 7.5000000000000009 0.83900142022492885 40.875000000000007 9.2796053401425596 4.166666666666667 0.12220982142857136 1.0000000180025095e-35
decision_type=2 1 2 8 2 2 2 2 10 2 8 2 8 2
left_child=1 3 6 -1 -5 12 -2 -8 -4 -10 -9 -7 13 -3
right_child=2 5 8 4 -6 11 7 10 9 -11 -12 -13 -14 -15
leaf_value=-0.0095900769906372522 0.024164834335446361 0.0064998861183138456 0.037113015511288094 -0.047909093608981684 -0.016719726152304146 0.015741456609102897 0.012236708099613932 0.0057529578812281108 0.026868503791495014 0.00068384312035050252 -0.0075463259521790825 0.00044814770662279438 -0.0030175997186250875 -0.012977559533621681
leaf_weight=88 25 17 26 19 36 25 137 107 26 15.999999999999998 46 677 428 112
leaf_count=88 25 17 26 19 36 25 137 107 26 16 46 677 428 112
internal_value=-3.9357e-05 -0.00306255 0.0110273 -0.0153994 -0.0274942 -0.00152686 0.00809202 0.00670643 0.0246244 0.0168934 0.00175448 0.000992781 -0.00472984 -0.0104108
internal_weight=1785 1402 383 143 55 1259 315 290 68 42 153 702 557 129
internal_count=1785 1402 383 143 55 1259 315 290 68 42 153 702 557 129
cat_boundaries=0 1
cat_threshold=8
is_linear=0
shrinkage=0.05


Tree=26
num_leaves=15
num_cat=0
split_feature=74 11 12 29 28 77 26 13 24 83 36 87 89 87
split_gain=21.3704 10.1275 5.52529 4.5654 3.53197 3.52805 3.10182 3.77688 3.05141 3.28605 2.73596 2.56439 2.60351 2.40298
threshold=4.7956167918164292 0.17942200135439632 90.500000000000014 0.75000000000000011 6.8333333333333348 4.2500000000000009 1.0000000180025095e-35 1.5000000000000002 6.2492815350045747 32.500000000000007 0.35258359320859328 6.5000000000000009 10.500000000000002 10.500000000000002
decision_type=2 2 2 2 2 2 2 2 2 10 8 2 8 2
left_child=1 3 11 13 -3 -6 7 -5 9 -9 -4 -2 -13 -1
right_child=2 4 10 6 5 -7 -8 8 -10 -11 -12 12 -14 -15
leaf_value=0.014272859743796291 0.015353513500756689 -0.0062889382683989029 0.01546869891899405 -0.035884063640101389 0.018911162251606585 0.00087716773170629808 -0.0074885614225873726 -0.012906123219530972 -0.026442557311947307 0.013133717998862267 0.036486377576366073 0.02166667909998643 0.0017235932838155937 -0.0092564388616558392
leaf_weight=30 90 177 32 22 28 863 250 63 31 14.999999999999998 30 19 118 17
leaf_count=30 90 177 32 22 28 863 250 63 31 15 30 19 118 17
internal_value=-3.73892e-05 -0.00244198 0.0124099 -0.00894057 0.000162328 0.00144389 -0.0107543 -0.0169866 -0.0131725 -0.00789846 0.0256385 0.00879677 0.00448942 0.00576226
internal_weight=1785 1496 289 428 1068 891 381 131 109 78 62 227 137 47
internal_count=1785 1496 289 428 1068 891 381 131 109 78 62 227 137 47
is_linear=0
shrinkage=0.05


Tree=27
num_leaves=15
num_cat=0
split_feature=6 10 76 36 71 77 11 9 97 8 86 86 86 24
split_gain=19.7701 8.80412 6.10876 3.4559 3.08936 2.97681 2.57287 4.7511 2.54708 2.28143 2.23052 2.47467 2.10531 2.02329
threshold=9.2500000000000018 0.035176748409867259 70.833333333333357 0.36383928571428586 32.690476190476197 26.708333333333339 0.78529304172843706 607.50000000000011 1.8350000000000002 6.1716517857142863 60.500000000000007 36.500000000000007 53.000000000000007 5.9028439153439161
decision_type=2 2 2 8 2 2 2 2 10 2 2 2 2 2
left_child=1 8 5 -4 -5 12 9 -8 -1 -3 11 -10 -2 -13
right_child=2 6 3 4 -6 -7 7 -9 10 -11 -12 13 -14 -15
leaf_value=-0.00092379960459022022 0.0045388792662905825 -0.0046859229937744554 0.013713253520836589 0.050354703019062669 0.018769813279504888 -0.0027768060931315027 0.021224450526226846 0.00010668933081343401 -0.0031258119312538345 0.0072046978102827623 -0.0071917508497611211 -0.0099158546783857885 0.013357526490504885 -0.0259063436424775
leaf_weight=44 152 485 64 15.000000000000002 15.999999999999998 75 28 546 22 44 71 27 122 74
leaf_count=44 152 485 64 15 16 75 28 546 22 44 71 27 122 74
internal_value=-3.55197e-05 -0.00306335 0.00910935 0.0203504 0.0340528 0.00604948 -0.00118144 0.00113682 -0.011785 -0.00369691 -0.0142483 -0.0183217 0.00846543 -0.0216317
internal_weight=1785 1341 444 95 31 349 1103 574 238 529 194 123 274 101
internal_count=1785 1341 444 95 31 349 1103 574 238 529 194 123 274 101
is_linear=0
shrinkage=0.05


Tree=28
num_leaves=15
num_cat=1
split_feature=74 0 93 12 41 78 86 67 96 36 45 28 30 78
split_gain=17.7039 8.3843 4.68775 4.49276 3.75177 4.21908 2.48778 2.61133 2.26408 2.24561 2.24149 2.20725 1.95745 2.10669
threshold=4.7956167918164292 0 10.500000000000002 90.500000000000014 13.734705209085563 0.2678571428571429 59.500000000000007 7.1241815476190498 1.0000000180025095e-35 0.35258359320859328 0.071995956312143214 60.416666666666679 1.5833333333333337 1.2250000000000003
decision_type=2 1 2 2 8 2 2 2 2 8 8 2 2 2
left_child=1 4 8 6 -1 -6 7 11 -3 -5 12 -2 13 -10
right_child=3 2 -4 9 5 -7 -8 -9 10 -11 -12 -13 -14 -15
leaf_value=-0.0078457048194567596 0.0016809628196003869 0.0014837785650984789 0.0045862886011631748 0.014010713272728027 -0.043554768663536955 -0.014432030092090523 0.014097119561761387 -0.016105516962707043 -0.0084100018022581942 0.03305206486800065 -0.0021710821951867257 0.016994700879987442 -0.0058737554035237617 -0.031415508227313267
leaf_weight=88 82 265 298 32 19 36 97 14.999999999999998 24 30 564 33 185 17
leaf_count=88 82 265 298 32 19 36 97 15 24 30 564 33 185 17
internal_value=-3.37437e-05 -0.00222235 -0.000944331 0.0112955 -0.0133171 -0.0244926 0.00803745 0.00351601 -0.00251549 0.0232243 -0.00385701 0.00607534 -0.00806437 -0.0179489
internal_weight=1785 1496 1353 289 143 55 227 130 1055 62 790 115 226 41
internal_count=1785 1496 1353 289 143 55 227 130 1055 62 790 115 226 41
cat_boundaries=0 1
cat_threshold=8
is_linear=0
shrinkage=0.05


Tree=29
num_leaves=15
num_cat=1
split_feature=27 10 67 0 67 50 41 73 44 85 9 75 41 45
split_gain=16.25 7.39766 5.9436 2.88595 2.56008 2.44755 2.38499 3.61832 3.07808 2.35468 2.22934 2.1257 2.02449 2.56886
threshold=1.7954006043728443 7.8236040379852065 5.2952916073968721 0 7.3160291006045552 3.5077724463772033 1.7248365855987977 616.50000000000011 -15.749999999999998 1.0000000180025095e-35 29.500000000000004 0.028571700211614353 5.3722233388342078 0.17632515277876493
decision_type=2 2 2 1 2 8 8 2 10 2 2 2 10 10
left_child=2 -2 6 4 10 12 -1 -8 -9 -5 -4 -10 -3 -14
right_child=1 5 3 9 -6 -7 7 8 11 -11 -12 -13 13 -15
leaf_value=0.0016501617279242387 0.0039365467659321866 0.027444605682702627 0.017352466665518783 -0.006158148181691951 0.021098690653840704 0.027261462299661206 -0.036234881493606062 0.0069419313167386199 -0.010490379337107345 0.0018340670250599153 -0.00060095606961262104 -0.028177904445104873 -0.0029645291716276136 0.018453325251383441
leaf_weight=22 484 17 18 464 14.999999999999998 44 19 17 49 115 439 26 28 28
leaf_count=22 484 17 18 464 15 44 19 17 49 115 439 26 28 28
internal_value=-3.20565e-05 0.00666396 -0.00343096 -0.00217075 0.000757272 0.0179466 -0.0133895 -0.0163703 -0.0122678 -0.00449315 0.000106181 -0.0166221 0.0123321 0.0077444
internal_weight=1785 601 1184 1051 472 117 133 111 92 579 457 75 73 56
internal_count=1785 601 1184 1051 472 117 133 111 92 579 457 75 73 56
cat_boundaries=0 1
cat_threshold=3
is_linear=0
shrinkage=0.05


Tree=30
num_leaves=15
num_cat=1
split_feature=12 3 74 23 40 87 88 0 93 19 8 16 30 9
split_gain=14.9986 6.41726 3.44179 2.85759 2.66486 2.6308 3.74237 2.59568 4.00672 2.57184 2.05698 1.80172 1.76896 1.69832
threshold=35.500000000000007 5.4301948051948061 8.1012325416086259 27.583333333333339 -0.74999999999999989 5.5000000000000009 40.500000000000007 0 1.5000000000000002 7.1614583333333348 5.9275210084033629 3.5000000000000004 0.83333333333333337 29.500000000000004
decision_type=2 2 2 2 10 2 10 1 2 2 2 2 2 2
left_child=1 5 4 -4 -2 12 -7 9 -9 13 -6 -5 -1 -3
right_child=2 7 3 11 10 6 -8 8 -10 -11 -12 -13 -14 -15
leaf_value=0.01313676069257781 -0.00054300370702177892 0.016457494655076198 0.036801465079188349 0.0097623836401229108 0.02339804122845332 -0.018069042024823526 0.0044551360759545458 -0.022054466705648576 -0.0023560408597751077 0.020615228199783495 0.007563254702588583 0.026652383451291829 -0.0089310774712690298 0.00041836106020738391
leaf_weight=15.999999999999998 98 17 14.999999999999998 75 24 114 22 27 588 17 141 20 21 566
leaf_count=16 98 17 15 75 24 114 22 27 588 17 141 20 21 566
internal_value=0.000192498 -0.00219958 0.00909385 0.0165204 0.00598767 -0.0112094 -0.0144254 -0.000916703 -0.00316932 0.00142136 0.0098665 0.0133182 0.000611771 0.000886054
internal_weight=1761 1388 373 110 263 173 136 1215 615 600 165 95 37 583
internal_count=1761 1388 373 110 263 173 136 1215 615 600 165 95 37 583
cat_boundaries=0 1
cat_threshold=3
is_linear=0
shrinkage=0.05


Tree=31
num_leaves=15
num_cat=1
split_feature=12 3 74 71 98 40 88 87 49 86 12 11 75 6
split_gain=13.5362 5.79157 3.10622 3.68829 2.43081 2.40503 2.40428 3.11801 2.36125 2.42818 2.31257 2.2461 2.42262 2.00386
threshold=35.500000000000007 5.4301948051948061 8.1012325416086259 31.071428571428573 0 -0.74999999999999989 44.500000000000007 5.5000000000000009 2.4455911187159494 65.500000000000014 84.500000000000014 4.8867696989327678 6.8106878005899496 -48.749999999999993
decision_type=2 2 2 2 9 10 10 2 10 2 2 2 2 2
left_child=1 6 5 10 -3 -2 7 -1 9 -6 -4 -5 -13 -9
right_child=2 4 3 11 8 -7 -8 13 -10 -11 -12 12 -14 -15
leaf_value=0.00079547711990444981 -0.00051585349696213196 -0.0054625197005762453 0.016180546968244017 0.0010797975095920265 -0.0016802245293502938 0.0093731715733354742 0.0072068181874997478 -0.031729371555977402 0.01452984440319207 0.0040529627482692931 0.040539472550153735 0.032544461637735361 0.0045747858161727583 -0.013660524852009706
leaf_weight=34 98 223 20 40 715 165 17 18 28 249 19 16.000000000000004 14.999999999999998 104
leaf_count=34 98 223 20 40 715 165 17 18 28 249 19 16 15 104
internal_value=0.000182874 -0.0020896 0.00863916 0.0156944 -0.000870868 0.00568829 -0.0106489 -0.0125947 0.000214234 -0.000199349 0.0280477 0.0089088 0.0190107 -0.0163264
internal_weight=1761 1388 373 110 1215 263 173 156 992 964 39 71 31 122
internal_count=1761 1388 373 110 1215 263 173 156 992 964 39 71 31 122
cat_boundaries=0 3
cat_threshold=2147484417 2147483656 4099
is_linear=0
shrinkage=0.05


Tree=32
num_leaves=15
num_cat=0
split_feature=12 10 41 74 71 9 40 12 11 75 30 85 43 71
split_gain=12.2212 5.3295 3.93341 2.80336 3.32868 2.62065 2.17054 2.0871 2.02711 2.18641 1.86783 2.12264 2.08896 2.01236
threshold=35.500000000000007 0.2615567990578711 14.015789902396778 8.1012325416086259 31.071428571428573 29.500000000000004 -0.74999999999999989 84.500000000000014 4.8867696989327678 6.8106878005899496 1.0000000180025095e-35 1.0000000180025095e-35 10.936502143433366 12.900000000000002
decision_type=2 2 10 2 2 2 10 2 2 2 2 2 10 2
left_child=1 2 5 6 7 -1 -2 -5 -6 -10 13 12 -12 -3
right_child=3 10 -4 4 8 -7 -8 -9 9 -11 11 -13 -14 -15
leaf_value=0.0082480500085335799 -0.00049006093117617529 0.00097298120769361658 -0.024632301846785207 0.01537151980213821 0.0010258076316677033 -0.0064336187056002712 0.0089045129904821579 0.038512499218708592 0.030917238444089886 0.0043460464601715407 -0.0021111871145942942 0.0043893172280575609 0.012327461315614458 0.023088933185984692
leaf_weight=33 98 24 28 20 40 385 165 19 16.000000000000004 14.999999999999998 686 188 26 18
leaf_count=33 98 24 28 20 40 385 165 19 16 15 686 188 26 18
internal_value=0.000172179 -0.00198709 -0.00648983 0.0082072 0.0149097 -0.00527454 0.00540387 0.0266453 0.00846336 0.0180602 0.000144781 -0.000336187 -0.00158393 0.0104512
internal_weight=1761 1388 446 373 110 418 263 39 71 31 942 900 712 42
internal_count=1761 1388 446 373 110 418 263 39 71 31 942 900 712 42
is_linear=0
shrinkage=0.05


Tree=33
num_leaves=15
num_cat=0
split_feature=74 10 41 19 86 13 71 11 11 78 39 30 72 24
split_gain=11.2453 5.79759 3.88495 3.40938 2.58503 3.48623 2.51085 2.32217 2.2029 2.00185 2.50151 1.77582 1.7743 3.04997
threshold=5.3343522213399419 0.2615567990578711 14.015789902396778 7.2456896551724146 59.500000000000007 2.5000000000000004 1.8333333333333337 0.17942200135439632 2.2862987322732811 2.2250000000000005 1.1236095644623239 1.0000000180025095e-35 6.2705783856192214 6.2279973053410567
decision_type=2 2 10 2 2 2 2 2 2 2 8 2 2 2
left_child=1 2 4 7 6 -6 -1 -3 9 -2 -11 -9 13 -8
right_child=8 3 -4 -5 5 -7 12 11 -10 10 -12 -13 -14 -15
leaf_value=-0.027698271895448368 -0.0091117045411880579 -0.0062449704150508972 -0.024579987205840925 0.024251927013198536 0.011994077151434289 -0.0049003671694203823 -0.0063272284750725358 0.012479045413519171 0.013590891158173971 0.018303202491785801 -0.0055878181437340885 0.00067272419226801648 0.0089561103569234125 -0.029593884497880935
leaf_weight=14.999999999999998 23 122 27 14.999999999999998 45 95 231 33 163 28 18 914 17 14.999999999999998
leaf_count=15 23 122 27 15 45 95 231 33 163 28 18 914 17 15
internal_value=0.00016357 -0.00139281 -0.00619816 0.000579862 -0.00501081 0.00052999 -0.00780114 0.000247701 0.0104209 0.00293246 0.00895454 0.00108414 -0.00666633 -0.00774593
internal_weight=1761 1529 445 1084 418 140 278 1069 232 69 46 947 263 246
internal_count=1761 1529 445 1084 418 140 278 1069 232 69 46 947 263 246
is_linear=0
shrinkage=0.05


Tree=34
num_leaves=15
num_cat=1
split_feature=0 90 24 8 74 16 52 52 42 75 75 55 53 94
split_gain=10.7338 5.51971 4.30132 4.48613 3.35531 2.35224 2.2851 2.27537 1.95496 1.60984 1.66988 1.58943 1.58347 1.6557
threshold=0 13.500000000000002 6.3594391923436051 6.3239268680445155 0.32828480005264288 3.5000000000000004 0.087717693531885715 0.81433284515514981 -7.8749999999999991 6.4744356515196477 2.702172622364015 12.499444419750894 16.289042776425003 1.5000000000000002
decision_type=1 8 2 2 2 2 8 8 8 2 2 10 10 2
left_child=1 12 3 4 11 8 -6 -7 -3 10 -10 -2 -1 -14
right_child=2 5 -4 -5 6 7 -8 -9 9 -11 -12 -13 13 -15
leaf_value=0.00051442334906307897 -0.0078202516801633634 -0.00099243626986839323 -0.02982072600279935 0.017650594919299087 -0.0055459271679078603 0.0090175890053311985 0.0013427990241712774 0.036557688508182758 0.0058717186631290375 -0.0017921395450830461 0.015625652443440313 -0.024562614938865107 0.014638169355145315 -0.0035528966639604836
leaf_weight=617 258 49 15.999999999999998 24 222 14.999999999999998 263 15.000000000000002 73 25 110 14.999999999999998 41 18
leaf_count=617 258 49 16 24 222 15 263 15 73 25 110 15 41 18
internal_value=0.000155391 0.00369092 -0.00410597 -0.00363234 -0.00430621 0.00953886 -0.00181039 0.0227876 0.00799231 0.0101089 0.0117347 -0.00874016 0.00126274 0.00908835
internal_weight=1761 963 798 782 758 287 485 30 257 208 183 273 676 59
internal_count=1761 963 798 782 758 287 485 30 257 208 183 273 676 59
cat_boundaries=0 1
cat_threshold=3
is_linear=0
shrinkage=0.05


Tree=35
num_leaves=15
num_cat=1
split_feature=0 90 10 7 10 48 47 22 13 7 83 96 23 48
split_gain=11.145 5.47019 4.9764 2.70002 2.24738 2.49339 2.3709 2.00267 1.99914 3.32745 1.98453 1.97627 1.86945 2.22978
threshold=0 13.500000000000002 0.016680750064551806 2.5000000000000004 12.400493150576951 -91.749999999999986 734.87988362590988 -40.874999999999993 4.5000000000000009 14.500000000000002 23.500000000000004 1.0000000180025095e-35 7.8333333333333348 -1345.7499999999998
decision_type=1 10 2 2 2 10 10 2 2 2 10 2 2 10
left_child=1 8 3 -2 6 -6 -3 -5 9 -1 -10 -4 -9 -14
right_child=2 4 11 7 5 -7 -8 12 10 -11 -12 -13 13 -15
leaf_value=0.0038765609049152177 -0.02534867678691323 0.0090839871146611174 0.0024305719598310023 -0.019682842686169728 0.035334937972947955 0.011508659650072722 -0.0078500588758565176 -0.019132288977165113 0.0037943975801931189 0.028866155135134859 -0.002403584926320367 -0.0039584876240297846 0.011894847936928273 -0.0067943434315900142
leaf_weight=119 30 204 164 34 15.999999999999998 35 23 22 204 14.999999999999998 352 462 20 79
leaf_count=119 30 204 164 34 16 35 23 22 204 15 352 462 20 79
internal_value=-6.55473e-05 0.00354094 -0.00436011 -0.0116186 0.00949908 0.0189836 0.0073682 -0.00896118 0.00119174 0.0066739 -0.000129505 -0.00228468 -0.00594848 -0.00301875
internal_weight=1779 968 811 185 278 51 227 155 690 134 556 626 121 99
internal_count=1779 968 811 185 278 51 227 155 690 134 556 626 121 99
cat_boundaries=0 1
cat_threshold=3
is_linear=0
shrinkage=0.05


Tree=36
num_leaves=15
num_cat=1
split_feature=0 93 75 7 47 86 22 11 8 95 50 48 73 8
split_gain=10.0584 5.14471 4.54831 3.20993 2.65271 2.36555 2.23317 2.18524 2.15844 1.96082 1.87781 1.82684 1.82038 1.68956
threshold=0 13.500000000000002 0.46810920862481004 2.5000000000000004 734.87988362590988 59.500000000000007 -40.874999999999993 2.3238954073749487 6.3492424242424255 104.50000000000001 3.5077724463772033 597.25000000000011 582.75000000000011 5.9364919354838719
decision_type=1 2 2 2 10 2 2 2 2 2 10 10 2 2
left_child=1 9 3 5 10 -2 -5 -6 -8 12 11 -3 13 -1
right_child=2 4 -4 6 7 -7 8 -9 -10 -11 -12 -13 -14 -15
leaf_value=0.013324810431242505 -0.03642459720140323 0.010174209515971597 -0.00025442569354449269 -0.018698700780377671 -0.017565788747742773 -0.01033102444152495 -0.0061023816820342993 0.0057533170717457933 0.013275922412673634 -0.0087632816208868605 0.022703224260892191 -0.0072986624840268638 0.00035232719732050785 0.00078271197155117996
leaf_weight=58 15.999999999999998 230 385 34 15.999999999999998 19 342 27 14.999999999999998 49 28 15.999999999999998 494 50
leaf_count=58 16 230 385 34 16 19 342 27 15 49 28 16 494 50
internal_value=-6.22699e-05 0.0033639 -0.00414211 -0.00775285 0.00862229 -0.0222595 -0.0064543 -0.00292356 -0.00528817 0.000855028 0.0104342 0.00903776 0.00163791 0.00751828
internal_weight=1779 968 811 426 317 35 391 43 357 651 274 246 602 108
internal_count=1779 968 811 426 317 35 391 43 357 651 274 246 602 108
cat_boundaries=0 1
cat_threshold=3
is_linear=0
shrinkage=0.05


Tree=37
num_leaves=15
num_cat=1
split_feature=28 90 18 96 96 90 93 6 87 98 45 85 7 25
split_gain=8.90371 4.45343 3.40322 2.33303 2.21749 2.40244 2.1979 6.78199 2.05489 2.05158 2.03926 1.97643 1.88736 2.24208
threshold=13.41666666666667 18.500000000000004 1.0000000180025095e-35 1.5000000000000002 2.5000000000000004 31.500000000000004 1.5000000000000002 -4.2499999999999991 8.5000000000000018 0 0.094659155571954964 1.0000000180025095e-35 33.500000000000007 1965.5000000000002
decision_type=2 10 2 2 2 10 2 2 2 9 8 2 2 2
left_child=2 9 3 8 5 12 7 -5 -1 11 -8 -2 13 -3
right_child=1 4 -4 6 -6 -7 10 -9 -10 -11 -12 -13 -14 -15
leaf_value=0.0050468054827829097 0.0024947443802642542 0.016646862113848328 -0.014598146187308342 0.0064272988697185235 0.004934409983180673 0.035150679303721219 -0.0088078558800473265 -0.036527317939326169 -0.0031233007136224531 -0.0010579716269742089 -0.0015584130710528548 0.011025878438522341 0.023369231283664707 -0.0084645940107293434
leaf_weight=138 354 20 67 17 71 14.999999999999998 149 20 174 351 278 84 25 15.999999999999998
leaf_count=138 354 20 67 17 71 15 149 20 174 351 278 84 25 16
internal_value=-5.91564e-05 0.00329778 -0.00378643 -0.00285295 0.011288 0.0172236 -0.00510106 -0.0167914 0.0004904 0.00180911 -0.00408808 0.00403865 0.0128153 0.00548621
internal_weight=1779 936 843 776 147 76 464 37 312 789 427 438 61 36
internal_count=1779 936 843 776 147 76 464 37 312 789 427 438 61 36
cat_boundaries=0 3
cat_threshold=65546 536875008 524321
is_linear=0
shrinkage=0.05


Tree=38
num_leaves=15
num_cat=1
split_feature=0 93 11 57 58 24 8 14 86 29 95 29 97 45
split_gain=8.46545 4.30812 3.88518 2.06709 2.44959 1.86891 1.76486 1.93297 2.04497 1.73487 1.73305 1.77223 1.91555 2.22397
threshold=0 13.500000000000002 0.16024184972047803 2.4719640003162362 2.7500000000000004 6.3336777954425019 6.2867965367965377 1.0000000180025095e-35 50.500000000000007 11.833333333333334 104.50000000000001 20.833333333333339 1.7250000000000003 0.056521054292964411
decision_type=1 2 2 10 10 2 2 2 2 2 2 2 8 10
left_child=1 10 5 4 -3 6 7 8 -2 -9 11 12 13 -1
right_child=2 3 -4 -5 -6 -7 -8 9 -10 -11 -12 -13 -14 -15
leaf_value=0.024867384650167967 -0.025474340313147489 0.0080574062480167907 -0.0010162030614614525 -0.0053336805870963476 0.028806698819001515 -0.023736883534325494 0.0095662786997854719 0.00057061217345395375 -0.0088749508811584252 -0.008899249351323895 -0.0082515008490988799 -0.0025302148094871434 0.0022966532206689745 -0.00034013388057549799
leaf_weight=21 28 275 486 27 14.999999999999998 18 14.999999999999998 76 55 133 49 186 380 14.999999999999998
leaf_count=21 28 275 486 27 15 18 15 76 55 133 49 186 380 15
internal_value=-5.64959e-05 0.00308668 -0.00379937 0.00789867 0.00913065 -0.00807818 -0.00716008 -0.00801931 -0.0144747 -0.00545566 0.000790934 0.00152695 0.00334096 0.0143643
internal_weight=1779 968 811 317 290 325 307 292 83 209 651 602 416 36
internal_count=1779 968 811 317 290 325 307 292 83 209 651 602 416 36
cat_boundaries=0 1
cat_threshold=3
is_linear=0
shrinkage=0.05


Tree=39
num_leaves=15
num_cat=2
split_feature=0 90 75 7 83 16 35 46 8 22 8 86 11 98
split_gain=7.64007 4.0471 3.61773 2.68507 2.04754 2.11654 1.90022 1.99308 2.45834 1.88497 1.99469 1.88158 1.82189 1.76836
threshold=0 13.500000000000002 0.46810920862481004 2.5000000000000004 33.500000000000007 3.5000000000000004 0.36556267806267823 0.076246334310850816 6.0538127413127425 -42.499999999999993 6.3492424242424255 59.500000000000007 4.6861898722127089 1
decision_type=1 10 2 2 8 2 10 10 2 2 2 2 2 9
left_child=1 13 3 11 5 6 7 8 -3 -5 -11 -2 -8 -1
right_child=2 4 -4 9 -6 -7 12 -9 -10 10 -12 -13 -14 -15
leaf_value=-0.0044456789049490911 -0.03272959580644965 0.016981353785801425 -0.00014111903145328745 -0.017471476680328769 -0.0082524717371496893 0.023016290508210663 -0.0042359674872154843 0.022625226127759867 0.0023732237724794283 -0.0053982720062049341 0.013227041413386662 -0.0094578630732078308 0.010706280901863733 0.0020572300343570235
leaf_weight=118 15.999999999999998 48 385 31 18 25 51 30 72 345 14.999999999999998 19 34 572
leaf_count=118 16 48 385 31 18 25 51 30 72 345 15 19 34 572
internal_value=-5.36711e-05 0.00293235 -0.0036094 -0.00682861 0.00805603 0.00918508 0.00771367 0.0110982 0.00821648 -0.00564096 -0.00462222 -0.0200964 0.00174093 0.000910523
internal_weight=1779 968 811 426 278 260 235 150 120 391 360 35 85 690
internal_count=1779 968 811 426 278 260 235 150 120 391 360 35 85 690
cat_boundaries=0 1 3
cat_threshold=3 2148532992 2164260872
is_linear=0
shrinkage=0.05


Tree=40
num_leaves=15
num_cat=0
split_feature=3 10 36 1 50 71 73 8 65 24 8 11 20 38
split_gain=6.33106 2.83185 2.65806 2.7614 2.31824 2.16103 3.22002 2.09172 1.89469 1.92381 1.84288 1.78367 3.45378 1.75375
threshold=6.0422619047619053 12.400493150576951 -0.49573863636363663 1.0000000180025095e-35 0.75172560405917477 10.900000000000002 1054.5000000000002 5.9275210084033629 0.48570226039551589 6.261335090636166 6.3239268680445155 5.0847575324587533 12.250000000000002 -2.7499999999999996
decision_type=2 2 8 2 8 2 2 2 10 2 2 2 2 10
left_child=8 2 13 5 -5 -4 7 -7 10 -10 -1 12 -3 -2
right_child=1 11 3 4 -6 6 -8 -9 9 -11 -12 -13 -14 -15
leaf_value=-0.0029733009453800745 0.005089654698251532 0.020685496015681162 -0.0092608892906676319 0.001433128685815833 -0.0092844230237497712 0.02883805308271857 0.0022656621044658365 0.0088543387501614917 -0.0061232725496996538 -0.027719063858191173 0.014708250065644583 0.023058039265183305 -0.011241697880905122 0.02478353509679437
leaf_weight=839 26 18 34 104 98 17 497 57 33 14.999999999999998 14.999999999999998 26 15.999999999999998 20
leaf_count=839 26 18 34 104 98 17 497 57 33 15 15 26 16 20
internal_value=-0.000235023 0.00270018 0.00196164 0.00129527 -0.00376648 0.0029853 0.0037145 0.0134452 -0.00320602 -0.012872 -0.00266274 0.0131997 0.00566093 0.0136522
internal_weight=1815 913 853 807 202 605 571 74 902 48 854 60 34 46
internal_count=1815 913 853 807 202 605 571 74 902 48 854 60 34 46
is_linear=0
shrinkage=0.05


Tree=41
num_leaves=15
num_cat=1
split_feature=11 80 34 98 8 89 19 77 71 49 45 25 73 48
split_gain=5.82224 2.555 2.49483 3.10725 2.5554 2.65734 2.15486 2.07304 4.21927 2.20526 1.70095 1.5474 2.17631 1.93873
threshold=2.2862987322732811 3.1250000000000004 0.83333333333333337 0 6.3114224137931041 3.5000000000000004 5.3762183235867456 10.708333333333334 13.816666666666668 1.7748913644919491 0.10406987378790541 1736.7500000000002 1492.5714285714287 -484.74999999999994
decision_type=2 2 2 9 2 8 2 2 2 8 10 2 2 8
left_child=2 10 3 6 5 -5 -1 8 -7 -10 11 12 -2 -13
right_child=1 -3 -4 4 -6 7 -8 -9 9 -11 -12 13 -14 -15
leaf_value=-0.025244995191072424 0.0012965267464774206 0.019630269534312763 -0.012393421932885593 0.017789811674064317 0.014324930756641874 -0.00066460426973923253 -0.0056439945754069888 -0.0025981887663699653 0.0051655325022610752 0.024064586574918237 0.0070838583108400553 0.013505728184245528 0.019555261417311464 -0.0028946582559281247
leaf_weight=14.999999999999998 51 26 55 19 29 234 215 686 33 29 197 20 24 182
leaf_count=15 51 26 55 19 29 234 215 686 33 29 197 20 24 182
internal_value=-0.000223272 0.00436929 -0.00196949 -0.00151448 -0.000303952 -0.000730802 -0.00663389 -0.00108914 0.00240817 0.0140054 0.00353219 0.00100627 0.00713932 -0.00127086
internal_weight=1815 500 1315 1260 1030 1001 230 982 296 62 474 277 75 202
internal_count=1815 500 1315 1260 1030 1001 230 982 296 62 474 277 75 202
cat_boundaries=0 3
cat_threshold=2149056769 2147483656 530435
is_linear=0
shrinkage=0.05


Tree=42
num_leaves=15
num_cat=1
split_feature=11 41 80 41 47 45 25 98 76 54 40 68 87 7
split_gain=5.26036 2.81492 2.2883 1.90984 1.83859 1.93104 1.98259 1.81809 2.88966 1.71029 1.89573 1.63452 1.49703 2.1398
threshold=2.3238954073749487 14.015789902396778 3.1250000000000004 18.153650562653713 1003.3792079815797 0.17926908228606267 1736.7500000000002 0 33.416666666666679 -15.749999999999998 -1.7499999999999998 5.5500000000000007 6.5000000000000009 4.5000000000000009
decision_type=2 10 2 10 10 10 2 9 2 8 8 2 2 2
left_child=1 7 4 -3 5 6 11 12 -9 -8 -11 -2 -1 -14
right_child=2 3 -4 -5 -6 -7 9 8 -10 10 -12 -13 13 -15
leaf_value=0.00065359108554458576 0.0059038339321864997 -0.027033955189916827 0.018648755980225709 -0.0048389576098305138 -0.011424160260939972 0.011695313989850027 0.013531738001367319 -0.00044113265099613705 0.011832355741270872 -0.015094843950299992 0.00059307531042452016 0.023374587600119415 -0.015307248317237412 -0.0035505473362017446
leaf_weight=194 82 18 26 21 20 70 23 504 53 21 232 15.999999999999998 42 493
leaf_count=194 82 18 26 21 20 70 23 504 53 21 232 16 42 493
internal_value=-0.000212109 -0.00184904 0.00421428 -0.0150828 0.00340545 0.00407345 0.0026469 -0.0014477 0.000713905 0.000477651 -0.000709084 0.0087562 -0.00306702 -0.0044735
internal_weight=1815 1325 490 39 464 444 374 1286 557 276 253 98 729 535
internal_count=1815 1325 490 39 464 444 374 1286 557 276 253 98 729 535
cat_boundaries=0 3
cat_threshold=2148008193 2147487752 2051
is_linear=0
shrinkage=0.05


Tree=43
num_leaves=15
num_cat=0
split_feature=10 87 35 30 11 41 88 19 25 30 28 25 75 65
split_gain=4.98806 2.66495 2.658 1.99261 2.37173 2.36091 2.30621 1.8417 1.83406 3.02047 2.74927 1.78349 1.69659 1.65415
threshold=0.92733363900333654 5.5000000000000009 0.55052492392316232 2.8333333333333335 4.0481873038224885 7.6739019386570524 43.500000000000007 6.6163145422739422 1719.1666666666667 1.4166666666666667 60.166666666666679 153.75000000000003 0.043831075076013755 0.48570226039551589
decision_type=2 2 10 2 2 10 8 2 2 2 2 2 2 10
left_child=1 11 3 6 5 -5 -2 13 -8 -10 -11 -1 -13 -3
right_child=2 7 -4 4 -6 -7 8 -9 9 10 -12 12 -14 -15
leaf_value=0.013675358295274368 -0.0091641668087014787 -0.0035484814337780287 0.010792138703485452 -0.00082106187648760373 0.005568633996823032 -0.014656326744112781 0.0095939073747564347 -0.020029840383090473 -0.016475165096344429 -0.0029280317947268488 0.01828786093168534 -0.0092460289480713036 0.0027746659053341565 -0.014461154576290297
leaf_weight=28 26 565 82 470 143 33 162 19 20 37 26 38 129 37
leaf_count=28 26 565 82 470 143 33 162 19 20 37 26 38 129 37
internal_value=-0.000201503 -0.00310175 0.00216747 0.00139623 -0.00011338 -0.00172874 0.00499479 -0.00470293 0.00649738 0.000453541 0.00582773 0.0019974 3.9418e-05 -0.00421919
internal_weight=1815 816 999 917 646 503 271 621 245 83 63 195 167 602
internal_count=1815 816 999 917 646 503 271 621 245 83 63 195 167 602
is_linear=0
shrinkage=0.05


Tree=44
num_leaves=15
num_cat=1
split_feature=98 26 3 35 25 41 88 35 41 90 57 30 53 67
split_gain=4.50912 3.43206 2.8004 2.63164 2.35137 2.20537 2.07899 2.06893 2.06395 2.11325 1.94915 1.91904 1.84979 3.38286
threshold=0 3.2517971345223491 5.8908730158730167 0.49215249670741934 1914.5000000000002 14.015789902396778 55.500000000000007 0.096207035648407158 6.4484331083572908 13.500000000000002 2.0274023338281633 1.4166666666666667 22.644558690225498 6.7854853479853485
decision_type=9 2 2 10 2 10 10 8 10 8 10 2 10 2
left_child=1 7 5 8 11 6 -2 -1 9 -4 -11 -3 13 -5
right_child=2 4 3 12 -6 -7 -8 -9 -10 10 -12 -13 -14 -15
leaf_value=0.011351711434544996 -0.0041029609607819793 0.0050706078112125394 -0.00080358725472866744 0.0040493024837063704 0.0062156258964472834 -0.018307135143102362 0.0098689388020180308 -0.0012326580031808948 -0.0068153883625719962 0.0035069687367238183 0.019960377140986651 0.026540284318959013 -0.006724041793495417 0.02689961487054825
leaf_weight=40 542 14.999999999999998 547 46 85 26 28 178 112 99 22 34 15.999999999999998 25
leaf_count=40 542 15 547 46 85 26 28 178 112 99 22 34 16 25
internal_value=-0.000191428 0.00481053 -0.0014181 0.000385936 0.0112445 -0.00406621 -0.00341662 0.0010764 -0.000534061 0.000519096 0.0064985 0.0199679 0.00863418 0.0120952
internal_weight=1815 352 1463 867 134 596 570 218 780 668 121 49 87 71
internal_count=1815 352 1463 867 134 596 570 218 780 668 121 49 87 71
cat_boundaries=0 3
cat_threshold=622730 738197504 66081
is_linear=0
shrinkage=0.05


Tree=45
num_leaves=15
num_cat=0
split_feature=93 71 41 85 11 41 26 30 87 52 87 74 71 11
split_gain=4.72255 2.59651 2.43699 2.32662 2.2116 1.75514 1.68215 3.2938 1.89322 1.63776 1.58675 1.52674 2.59455 1.82433
threshold=15.500000000000002 19.083333333333339 13.734705209085563 1.0000000180025095e-35 1.7537478348240259 10.913618199611639 1.0000000180025095e-35 1.0000000180025095e-35 6.5000000000000009 -0.10315348114818333 5.5000000000000009 7.9046022654511043 31.071428571428573 4.8867696989327678
decision_type=2 2 10 2 2 10 2 2 2 10 2 2 2 2
left_child=2 -2 3 5 10 6 -1 8 -8 -5 -3 -6 -13 -14
right_child=1 4 -4 9 11 -7 7 -9 -10 -11 -12 12 13 -15
leaf_value=-0.007733133793450319 0.02422172136996922 0.0029781312089074744 -0.014452153605088825 -0.0004697511763693252 0.0032932350238880671 0.015015618171310053 0.02541719784960151 -0.0017641182172671785 0.0051638530939817429 0.007306909930795945 -0.017360426222576813 0.023129285397854721 -0.0033201945512073825 0.01426667876696835
leaf_weight=104 19 22 32 127 117 15.999999999999998 14.999999999999998 1040 50 145 17 33 29 30
leaf_count=104 19 22 32 127 117 16 15 1040 50 145 17 33 29 30
internal_value=0.000272294 0.00640784 -0.00079912 -0.000507271 0.00504307 -0.0014361 -0.00165383 -0.00108166 0.0098377 0.0036759 -0.00588739 0.00708273 0.011902 0.00562228
internal_weight=1796 267 1529 1497 248 1225 1209 1105 65 272 39 209 92 59
internal_count=1796 267 1529 1497 248 1225 1209 1105 65 272 39 209 92 59
is_linear=0
shrinkage=0.05


Tree=46
num_leaves=15
num_cat=0
split_feature=93 53 41 12 85 8 23 97 13 83 95 48 8 47
split_gain=4.2621 2.41831 2.87866 2.17408 2.22012 1.51421 1.48834 1.43476 1.91878 2.15655 1.91576 1.84455 1.64145 1.62805
threshold=15.500000000000002 13.169797739216788 13.734705209085563 49.500000000000007 1.0000000180025095e-35 5.770032051282052 21.833333333333339 1.885 5.5000000000000009 29.500000000000004 42.500000000000007 -763.49999999999989 5.9417420814479653 423.00000000000006
decision_type=2 10 10 2 2 2 2 10 2 8 2 8 2 10
left_child=1 2 3 4 7 -3 -6 8 9 11 12 -1 -9 -12
right_child=-2 5 -4 -5 6 -7 -8 10 -10 -11 13 -13 -14 -15
leaf_value=-0.014375421582371928 0.0060874504889823731 0.016533805611025958 -0.017500839220290935 -0.01250354411546141 -0.00079736107391171281 0.003033232930918328 0.0070932590820738219 0.0020006019345601088 -0.0019249126363563133 0.017808907933067532 -0.024394362352111124 0.0035585259127876032 -0.0081601087276564465 -0.003792775027892169
leaf_weight=15.999999999999998 267 27 27 40 106 90 137 80 726 24 22 138 79 17
leaf_count=16 267 27 27 40 106 90 137 80 726 24 22 138 79 17
internal_value=0.000258679 -0.000759164 -0.00133156 -0.00101635 -0.000674721 0.00614875 0.00365126 -0.00162864 -0.000784295 0.00386789 -0.0054836 0.00169526 -0.0030478 -0.0154142
internal_weight=1796 1529 1412 1385 1345 117 243 1102 904 178 198 154 159 39
internal_count=1796 1529 1412 1385 1345 117 243 1102 904 178 198 154 159 39
is_linear=0
shrinkage=0.05


Tree=47
num_leaves=15
num_cat=0
split_feature=93 71 27 53 41 27 12 85 6 13 69 43 11 90
split_gain=3.84655 2.34335 2.2161 2.18253 2.59799 1.99619 1.96211 2.00366 1.76661 1.48292 1.45712 1.71021 1.41055 1.30675
threshold=15.500000000000002 19.083333333333339 2.7205019583925609 13.169797739216788 13.734705209085563 3.0647664747666572 49.500000000000007 1.0000000180025095e-35 29.750000000000004 21.500000000000004 1.4642857142857146 4.9440812476641245 4.3568152126390496 24.500000000000004
decision_type=2 2 2 10 10 2 2 2 2 2 2 10 2 10
left_child=3 -2 8 4 6 -4 7 -1 -3 -7 -5 -12 -9 -11
right_child=1 2 5 10 -6 9 -8 12 -10 13 11 -13 -14 -15
leaf_value=-0.0015472039032522328 0.022706262490368986 0.0016825292197366556 0.023064741119742396 0.01329773335739793 -0.016625796984536229 -0.0045290636504068974 -0.011878366922028365 0.0024239010861814661 -0.016851444459623759 0.0039249623712042676 0.015101588993436761 -0.0025771906493454277 0.017358338580850296 0.013987688227411338
leaf_weight=1102 19 45 18 42 27 30 40 226 18 85 18 57 17 52
leaf_count=1102 19 45 18 42 27 30 40 226 18 85 18 57 17 52
internal_value=0.000245745 0.00578308 0.00448654 -0.000721205 -0.00126498 0.00724473 -0.000965531 -0.000640985 -0.00361289 0.00553958 0.00584131 0.00166572 0.0034687 0.00774439
internal_weight=1796 267 248 1529 1412 185 1385 1345 63 167 117 75 243 137
internal_count=1796 267 248 1529 1412 185 1385 1345 63 167 117 75 243 137
is_linear=0
shrinkage=0.05


Tree=48
num_leaves=15
num_cat=0
split_feature=3 41 90 45 6 72 24 88 52 36 53 68 87 13
split_gain=3.57303 2.30283 2.29753 3.03127 1.89244 2.08041 1.58289 1.5802 1.46911 1.90742 1.59646 2.29483 1.33458 2.30846
threshold=5.8908730158730167 14.015789902396778 22.500000000000004 0.042657128020202155 56.000000000000007 6.2886228354978373 6.3510224118458423 38.500000000000007 0.087717693531885715 -0.50496089256958798 13.169797739216788 3.291666666666667 5.5000000000000009 2.5000000000000004
decision_type=2 10 8 10 2 2 2 8 8 8 10 2 2 2
left_child=1 12 6 -4 5 -5 7 -2 10 -10 -9 -12 13 -1
right_child=2 -3 3 4 -6 -7 -8 8 9 -11 11 -13 -14 -15
leaf_value=0.017034348248220657 -0.0077525367833335291 -0.017199070808979183 0.025965376216031257 0.0022079449017916846 -0.010163901844883666 0.020367665571393447 -0.013453576641364229 -0.0023344033666384909 0.020431776024634019 0.0029371309433724683 0.020001156248950533 -0.0007968506458888038 -0.0030612081358873566 -0.00067581055311324162
leaf_weight=23 44 26 21 46 17 24 18 273 15.999999999999998 594 21 36 545 92
leaf_count=23 44 26 21 46 17 24 18 273 16 594 21 36 545 92
internal_value=0.000233458 -0.00260338 0.00198668 0.00891552 0.00480004 0.00843413 0.00123985 0.00150864 0.00194214 0.00339601 -0.000745317 0.00686557 -0.0020284 0.00286622
internal_weight=1796 686 1110 108 87 70 1002 984 940 610 330 57 660 115
internal_count=1796 686 1110 108 87 70 1002 984 940 610 330 57 660 115
is_linear=0
shrinkage=0.05


Tree=49
num_leaves=15
num_cat=0
split_feature=3 90 45 78 88 70 19 24 88 53 8 97 52 22
split_gain=3.22466 2.07352 2.73573 1.78716 1.5437 2.22189 1.43398 1.42856 1.42613 1.34729 2.05008 1.82513 1.7855 1.33451
threshold=5.8908730158730167 22.500000000000004 0.042657128020202155 3.6333333333333337 55.500000000000007 -43.071428571428562 6.1915995692086794 6.3510224118458423 38.500000000000007 13.169797739216788 5.9154761904761921 1.8150000000000002 -0.03182900371029964 45.583333333333336
decision_type=2 8 10 2 10 2 2 2 8 10 2 8 8 2
left_child=4 7 -3 13 5 -1 -7 8 -2 12 -11 -12 -10 -4
right_child=1 2 3 -5 -6 6 -8 -9 9 10 11 -13 -14 -15
leaf_value=-0.020845755663536053 -0.0073649099546442319 0.024667107030039742 0.0039956235865247439 0.012510278012651282 0.0080776777315115789 -0.0020801652127952529 -0.015072135813534261 -0.012780898012634781 -0.0026901196588922111 0.020421743714673955 0.010658884945979271 -0.0020431192381487741 0.002544401129376241 -0.01368986530287657
leaf_weight=17 44 21 32 39 33 614 22 18 227 22 52 62 577 15.999999999999998
leaf_count=17 44 21 32 39 33 614 22 18 227 22 52 62 577 16
internal_value=0.000221785 0.00188734 0.00846974 0.00456003 -0.00247321 -0.00300641 -0.00252957 0.00117786 0.0014332 0.00184503 0.00644755 0.00375078 0.0010665 -0.00189954
internal_weight=1796 1110 108 87 686 653 636 1002 984 940 136 114 804 48
internal_count=1796 1110 108 87 686 653 636 1002 984 940 136 114 804 48
is_linear=0
shrinkage=0.05


Tree=50
num_leaves=15
num_cat=1
split_feature=0 24 8 83 90 14 95 97 61 87 93 9 56 74
split_gain=3.7459 3.21893 3.16663 1.87253 1.79554 1.69139 1.32335 1.3187 1.29472 1.25568 2.56707 1.22017 1.25093 1.84274
threshold=0 6.3594391923436051 6.3424812030075204 18.500000000000004 34.500000000000007 1.0000000180025095e-35 112.50000000000001 1.8150000000000002 1.4571067811865477 7.5000000000000009 1.5000000000000002 2940.5000000000005 5.2500000000000009 5.1996872478630403
decision_type=1 2 2 10 8 2 2 8 10 2 2 2 10 2
left_child=3 2 5 7 6 9 8 -1 11 -2 -11 12 -5 -14
right_child=1 -3 -4 4 -6 -7 -8 -9 -10 10 -12 -13 13 -15
leaf_value=0.0034204484208634027 -0.0033283323237600811 -0.025466577559709547 0.018079485994224487 0.0010041433719084126 0.018280576402321457 -0.0016754513570828489 -0.0064426711100774511 0.021814773865044119 0.010747694950073194 -0.030870145622975544 -0.0062099305342041685 -0.0056343506278241414 0.0036178072587296274 0.018827247681717077
leaf_weight=19 52 14.999999999999998 19 640 15.999999999999998 663 51 20 39 15.999999999999998 31 57 117 24
leaf_count=19 52 15 19 640 16 663 51 20 39 16 31 57 117 24
internal_value=4.05689e-05 -0.00249233 -0.00208299 0.00209566 0.00167342 -0.00258573 0.00138709 0.0128534 0.00184241 -0.00868185 -0.0146049 0.00142796 0.00194339 0.00620665
internal_weight=1779 796 781 983 944 762 928 39 877 99 47 838 781 141
internal_count=1779 796 781 983 944 762 928 39 877 99 47 838 781 141
cat_boundaries=0 1
cat_threshold=3
is_linear=0
shrinkage=0.05


Tree=51
num_leaves=15
num_cat=1
split_feature=0 83 90 7 96 27 83 8 55 9 80 35 97 7
split_gain=3.38067 1.68996 1.69493 1.65764 2.00079 1.94022 1.61425 1.37212 1.37016 2.40882 2.0432 1.26261 1.19013 1.1482
threshold=0 18.500000000000004 13.500000000000002 2.5000000000000004 3.5000000000000004 0.0092338747344910526 24.500000000000004 6.3424812030075204 1.4571067811865477 2181.5000000000005 3.6333333333333337 0.11167478354978357 1.8150000000000002 35.500000000000007
decision_type=1 10 8 2 2 2 10 2 8 2 2 8 8 2
left_child=1 12 13 6 7 -6 -2 -5 9 -4 -10 -7 -1 -3
right_child=3 2 8 4 5 11 -8 -9 10 -11 -12 -13 -14 -15
leaf_value=0.0032494262792170051 -0.024767799925757575 0.00064143574951066294 0.0089327451255586422 -0.0006074267206124034 -0.019605927999046716 -0.0099241397416335534 -0.0026405440807780803 0.011900865218257936 0.0049906476009843976 -0.016591900802756611 0.024026480764150621 -0.001932962129271373 0.020724034672603014 -0.0095343494627239383
leaf_weight=19 15.999999999999998 629 18 469 22 68 17 23 234 19 14.999999999999998 181 20 29
leaf_count=19 16 629 18 469 22 68 17 23 234 19 15 181 20 29
internal_value=3.85404e-05 0.00199087 0.00158974 -0.00236771 -0.00192294 -0.00537283 -0.0133689 -2.26895e-05 0.00480333 -0.00417451 0.00613738 -0.00411529 0.0122108 0.000192959
internal_weight=1779 983 944 796 763 271 33 492 286 37 249 249 39 658
internal_count=1779 983 944 796 763 271 33 492 286 37 249 249 39 658
cat_boundaries=0 1
cat_threshold=3
is_linear=0
shrinkage=0.05


Tree=52
num_leaves=15
num_cat=1
split_feature=28 35 29 98 41 8 8 96 90 70 55 77 88 71
split_gain=2.92167 2.07323 1.81843 1.69656 2.24664 1.6605 1.88157 2.18261 1.49774 1.80576 1.64282 1.48362 2.42862 2.11861
threshold=13.41666666666667 0.49215249670741934 11.833333333333334 0 6.3792193647976072 5.8732142857142859 6.3071895424836608 1.0000000180025095e-35 13.500000000000002 21.416666666666668 3.4496731711975954 11.366666666666669 48.500000000000007 13.816666666666668
decision_type=2 10 2 9 10 2 2 2 10 2 10 2 10 2
left_child=11 3 -3 -2 8 -4 7 -7 9 -5 -10 13 -13 -1
right_child=1 2 5 4 -6 6 -8 -9 10 -11 -12 12 -14 -15
leaf_value=-0.0012230753980468835 0.0066807563415656251 0.024483059660221143 -0.0053390929568558933 0.00072596563826291232 -0.0056076380242355665 0.031538764288028084 -0.00036609350093479815 0.0081795479580129421 0.0018412903132007663 -0.015439510097106299 0.012937469943865854 -0.0049469334359369564 0.0076237801540022096 0.009924022451043131
leaf_weight=289 106 14.999999999999998 25 429 137 14.999999999999998 29 30 90 18 53 451 42 50
leaf_count=289 106 15 25 429 137 15 29 30 90 18 53 451 42 50
internal_value=3.66134e-05 0.00193587 0.00825982 0.00107041 0.000158323 0.00580176 0.00956556 0.015966 0.00149988 7.50069e-05 0.00595386 -0.00212516 -0.003876 0.000421039
internal_weight=1779 947 114 833 727 99 74 45 590 447 143 832 493 339
internal_count=1779 947 114 833 727 99 74 45 590 447 143 832 493 339
cat_boundaries=0 3
cat_threshold=10 134217728 32
is_linear=0
shrinkage=0.05


Tree=53
num_leaves=15
num_cat=1
split_feature=10 98 72 70 73 41 83 86 2 8 8 32 19 35
split_gain=2.71627 1.93997 1.95937 2.43982 1.81768 1.74762 1.91239 1.71217 1.64651 1.4816 1.66053 1.33679 1.27594 1.34208
threshold=0.85174641432240616 0 5.8331904836112427 8.4166666666666696 695.50000000000011 12.526056794587577 25.500000000000004 60.500000000000007 2.5000000000000004 5.8265050167224084 5.760434782608697 0.83333333333333337 6.6163145422739422 0.099181547619047558
decision_type=2 9 2 2 2 10 10 2 2 2 2 2 2 8
left_child=7 2 3 -2 -4 6 9 12 -9 10 -3 -11 13 -1
right_child=1 5 4 -5 -6 -7 -8 8 -10 11 -12 -13 -14 -15
leaf_value=-0.0085843829394434586 0.00059116889039272221 0.00094263152515685017 0.01852649679893385 -0.02086661355569959 0.0041423146160667499 0.013404644327238202 -0.0056228156465326432 0.0063581483100353248 -0.0021830636696343808 0.00086293413626904389 0.021420090472222205 -0.014806535753111045 -0.016420447836188894 -0.0020526719436681049
leaf_weight=96 77 22 23 15.999999999999998 487 20 173 98 133 147 18 14.999999999999998 19 435
leaf_count=96 77 22 23 16 487 20 173 98 133 147 18 15 19 435
internal_value=3.66604e-05 0.001765 0.00351561 -0.00310049 0.00479101 -0.000971855 -0.00176452 -0.0021719 0.00144048 0.00153987 0.0101575 -0.000587943 -0.00368909 -0.00323355
internal_weight=1779 998 603 93 510 395 375 781 231 202 40 162 550 531
internal_count=1779 998 603 93 510 395 375 781 231 202 40 162 550 531
cat_boundaries=0 3
cat_threshold=2147549320 134221824 524321
is_linear=0
shrinkage=0.05


Tree=54
num_leaves=15
num_cat=1
split_feature=0 24 67 73 30 86 89 9 61 96 35 11 95 95
split_gain=2.70244 2.86414 1.48684 2.12994 2.19373 1.32218 1.25324 1.15412 1.17186 1.10997 1.13578 1.3987 1.07881 1.0927
threshold=0 6.3594391923436051 7.3160291006045552 2648.5357142857147 2.416666666666667 24.500000000000004 4.5000000000000009 29.500000000000004 1.1236095644623239 3.5000000000000004 0.11167478354978357 0.020759600214660102 112.50000000000001 23.500000000000004
decision_type=1 2 2 2 2 2 8 2 10 2 10 2 2 2
left_child=2 6 5 4 -4 -1 -2 -7 12 -8 11 -11 13 -9
right_child=1 -3 3 -5 -6 7 9 8 -10 10 -12 -13 -14 -15
leaf_value=-0.0087768469893489964 0.0082937238443021987 -0.023784816513458887 0.004241113892981205 -0.003099702549765685 0.024046092814144993 0.014101090840995312 -0.00072078887879222842 -1.7837141918423067e-05 0.009553308830392071 -0.02125260226526543 -0.0022709330210488703 -0.0060852141658726492 -0.0069140038418395089 0.0039894801675451593
leaf_weight=32 30 14.999999999999998 29 28 27 18 489 511 41 19 167 76 42 255
leaf_count=32 30 15 29 28 27 18 489 511 41 19 167 76 42 255
internal_value=3.48274e-05 -0.00211656 0.00178037 0.00816006 0.0137899 0.00120407 -0.0017275 0.00157246 0.00130683 -0.00212781 -0.0047539 -0.00911869 0.000888384 0.00131619
internal_weight=1779 796 983 84 56 899 781 867 849 751 262 95 808 766
internal_count=1779 796 983 84 56 899 781 867 849 751 262 95 808 766
cat_boundaries=0 1
cat_threshold=3
is_linear=0
shrinkage=0.05


Tree=55
num_leaves=15
num_cat=2
split_feature=98 42 34 72 8 62 3 86 24 11 9 95 98 51
split_gain=3.01234 2.04342 1.8607 2.24975 2.62803 2.0419 1.76347 1.59574 1.56329 1.4605 1.74428 1.86644 1.25709 1.41443
threshold=0 14.125000000000002 0.83333333333333337 6.2653225806451625 6.2583426028921032 3.7500000000000004 5.4045454545454552 50.500000000000007 6.2810132575757587 0.10055034793913362 560.00000000000011 23.500000000000004 1 0.32690393995489681
decision_type=9 10 2 2 2 8 2 2 2 2 2 2 9 8
left_child=1 6 3 7 -5 -6 -1 9 -4 -2 11 -11 13 -9
right_child=2 -3 8 4 5 -7 -8 12 -10 10 -12 -13 -14 -15
leaf_value=-0.0099217059649527074 -0.0077295239024337331 0.017671242805896326 -0.0037531960851930344 0.024279025094518958 -0.0079386440280359242 0.011205392678578695 0.0038306052960873842 -0.012922904654547122 -0.022511955723166468 -0.0030508212458628878 -0.0026581861886226256 0.015398183291585283 0.0018879877658340835 -0.00042226406771482696
leaf_weight=25 126 25 29 18 26 30 345 33 18 26 555 29 445 72
leaf_count=25 126 25 29 18 26 30 345 33 18 26 555 29 445 72
internal_value=-6.20383e-05 0.00374147 -0.00114826 -0.000818406 0.00765918 0.00231709 0.0029014 -0.00130623 -0.0109374 -0.00282879 -0.0018165 0.00667684 0.000731228 -0.00397269
internal_weight=1802 395 1407 1360 74 56 370 1286 47 736 610 55 550 105
internal_count=1802 395 1407 1360 74 56 370 1286 47 736 610 55 550 105
cat_boundaries=0 3 6
cat_threshold=622730 201326596 68272 2147484161 0 524290
is_linear=0
shrinkage=0.05


Tree=56
num_leaves=15
num_cat=1
split_feature=98 42 18 35 72 29 3 35 47 53 49 53 41 90
split_gain=2.71785 1.84418 1.68706 1.75115 1.70469 2.11225 1.59153 1.57572 1.4685 1.5539 1.35307 1.50551 1.14756 2.1865
threshold=0 14.125000000000002 1.0000000180025095e-35 0.27424628536503742 6.2653225806451625 14.583333333333334 5.4045454545454552 0.50049985218177684 150.55050907309109 8.1169633733266249 3.1644066221830407 24.062338081814826 6.3792193647976072 13.500000000000002
decision_type=9 10 2 8 2 2 2 10 10 10 10 10 10 8
left_child=1 6 4 -4 7 -6 -1 10 -9 -10 11 12 13 -2
right_child=2 -3 3 -5 5 -7 -8 8 9 -11 -12 -13 -14 -15
leaf_value=-0.0094256208073347815 -0.0020148995096902845 0.016787680249661208 -0.0014043812961157028 -0.019461948856711389 0.020506989103741945 0.0014854164283153498 0.0036390750176202428 0.017636959014150005 -0.0056929786199409714 0.0076087847645304948 -0.014946217660939225 0.01327560802592951 -0.0069156835143713612 0.0054706301480326631
leaf_weight=25 929 25 29 25 20 54 345 18 38 52 19 17 97 109
leaf_count=25 929 25 29 25 20 54 345 18 38 52 19 17 97 109
internal_value=-5.84125e-05 0.0035544 -0.00109018 -0.00976437 -0.000752044 0.00662638 0.00275633 -0.00117894 0.0045999 0.00199248 -0.00171192 -0.00149364 -0.00171486 -0.00122885
internal_weight=1802 395 1407 54 1353 74 370 1279 108 90 1171 1152 1135 1038
internal_count=1802 395 1407 54 1353 74 370 1279 108 90 1171 1152 1135 1038
cat_boundaries=0 3
cat_threshold=622730 201326596 68272
is_linear=0
shrinkage=0.05


Tree=57
num_leaves=15
num_cat=1
split_feature=98 42 34 72 8 62 3 30 24 86 47 67 49 76
split_gain=2.45286 1.66437 1.56607 1.86671 2.40971 1.77402 1.43926 1.69849 1.41785 1.4151 1.60937 1.50499 1.8846 1.68047
threshold=0 14.125000000000002 0.83333333333333337 6.2653225806451625 6.2583426028921032 3.7500000000000004 5.3062500000000012 1.0000000180025095e-35 6.2810132575757587 50.500000000000007 1111.1404345544627 7.0222360972360987 2.5120384277358685 41.100000000000009
decision_type=9 10 2 2 2 8 2 2 2 2 10 2 10 2
left_child=1 6 3 9 -5 -6 -1 -8 -4 11 -11 12 -2 -14
right_child=2 -3 8 4 5 -7 7 -9 -10 10 -12 -13 13 -15
leaf_value=-0.010094311256571451 -0.0028416289654050859 0.015948296744376422 -0.0031744172041914586 0.022903853960128298 -0.0076854389716922572 0.010158718160043162 0.017168755354803233 0.0025008689173906845 -0.021039260923862459 0.0012095503045181913 -0.014883895090315492 -0.016890926824675669 0.020317029607865744 -0.0013219067198358397
leaf_weight=21 682 25 29 18 26 30 21 328 18 534 15.999999999999998 18 17 19
leaf_count=21 682 25 29 18 26 30 21 328 18 534 16 18 17 19
internal_value=-5.54919e-05 0.00337668 -0.00103568 -0.000732932 0.00698932 0.00187393 0.00261851 0.00338346 -0.0100163 -0.00117729 0.000741377 -0.00261108 -0.00225309 0.00889648
internal_weight=1802 395 1407 1360 74 56 370 349 47 1286 550 736 718 36
internal_count=1802 395 1407 1360 74 56 370 349 47 1286 550 736 718 36
cat_boundaries=0 3
cat_threshold=622730 201326596 68272
is_linear=0
shrinkage=0.05


Tree=58
num_leaves=15
num_cat=1
split_feature=98 86 96 67 18 72 36 28 41 42 10 9 57 15
split_gain=2.244 1.48292 1.64794 2.49789 1.49548 1.70541 1.54921 1.37042 1.68603 1.34337 1.3702 1.40342 1.32829 1.20383
threshold=0 58.000000000000007 1.5000000000000002 5.1420971933471948 1.0000000180025095e-35 6.2705783856192214 -0.023102678571428496 22.583333333333339 7.6010210330694763 14.625000000000002 0.24700359767302868 214.00000000000003 0.97140452079103179 1.0000000180025095e-35
decision_type=9 2 2 2 2 2 10 2 10 10 2 2 8 2
left_child=9 4 -3 -4 5 -2 -6 -5 -9 10 11 -1 13 -12
right_child=1 2 3 7 6 -7 -8 8 -10 -11 12 -13 -14 -15
leaf_value=0.0094204229935712647 -0.0022699399676110181 0.0041684039230443825 -0.018909667520538756 -0.0029285272275282907 -0.023225880362203018 0.010741016240074085 -0.0015489397803321481 0.0078339921345608864 -0.0055269225500524048 0.014827866489455725 -0.0046442836684535346 -0.0074044403061270725 0.0062366680541236195 0.010043783872000252
leaf_weight=15.999999999999998 804 239 19 181 17 26 15.999999999999998 83 33 24 62 55 209 18
leaf_count=16 804 239 19 181 17 26 16 83 33 24 62 55 209 18
internal_value=-5.27173e-05 -0.000973847 0.00103556 -0.00133391 -0.00227739 -0.00186237 -0.0127158 -0.00020953 0.00403304 0.00328847 0.00261052 -0.00361292 0.00413947 -0.00133947
internal_weight=1802 1418 555 316 863 830 33 297 116 384 360 71 289 80
internal_count=1802 1418 555 316 863 830 33 297 116 384 360 71 289 80
cat_boundaries=0 3
cat_threshold=622730 201326608 68272
is_linear=0
shrinkage=0.05


Tree=59
num_leaves=15
num_cat=0
split_feature=34 67 28 67 24 86 73 8 48 47 53 32 90 70
split_gain=1.72756 1.53233 3.01555 1.21324 1.19033 1.07565 1.78266 1.457 1.43854 2.92383 1.12224 1.11854 2.46731 1.03841
threshold=0.83333333333333337 7.6656154638040856 87.250000000000014 4.4996401338313108 6.2810132575757587 53.000000000000007 151.25000000000003 5.58477011494253 -1455.4999999999998 1120.0213534120769 22.644558690225498 2.416666666666667 18.500000000000004 16.31666666666667
decision_type=2 2 2 2 2 2 2 2 8 10 10 2 10 2
left_child=1 3 -3 -1 -2 7 -7 -5 -8 10 -10 12 13 -9
right_child=4 2 -4 5 -6 6 8 11 9 -11 -12 -13 -14 -15
leaf_value=-0.01073610326812531 -0.0034797963319402759 0.02762414800624053 -0.00033672438175589951 -0.0076269512952615824 -0.019464136163393656 0.013159882066247519 0.015897722769295797 -4.1888649200263158e-05 0.00085689097622190064 -0.020388897228986028 0.012347044220024889 -0.011507971449331805 0.01507919419449396 -0.0064836588285877104
leaf_weight=26 33 14.999999999999998 27 75 18 32 15.999999999999998 782 624 15.999999999999998 22 22 26 68
leaf_count=26 33 15 27 75 18 32 16 782 624 16 22 22 26 68
internal_value=-5.00814e-05 0.00021413 0.0096493 -1.7747e-05 -0.00912133 0.000147837 0.00162759 -0.000931946 0.0010833 0.000725246 0.0012482 -0.000372786 -9.31355e-05 -0.00055723
internal_weight=1802 1751 42 1709 51 1683 710 973 678 662 646 898 876 850
internal_count=1802 1751 42 1709 51 1683 710 973 678 662 646 898 876 850
is_linear=0
shrinkage=0.05


end of trees

feature_importances:
quotazione_iniziale_target=49
ruolo=38
xa_totale_lag1=31
voto_medio_lag1=30
bonus_netti_std3=24
squadra_posizione_finale_n1=23
bonus_netti_lag1=21
shots_totali_lag1=20
presenze_career_mean=20
squadra_punti_finali_n1=20
fantamedia_lag1=19
minuti_totali_lag1=19
xg_totale_career_mean=18
xg_totale_lag1=17
shots_totali_ma3=17
quotazione_iniziale_n1=16
presenze_lag1=14
bonus_netti_ma3=14
voto_medio_ma3=14
altezza_m=14
infortuni_career_count=13
nazionalita=13
fantamedia_ma3=12
ammonizioni_totali_ma3=12
fantamedia_std3=12
fantamedia_career_mean=12
bonus_netti_career_mean=12
minuti_totali_career_mean=12
quotazione_attuale_n1=12
minuti_totali_ma3=11
fantamedia_trend3=11
shots_totali_std3=11
xa_totale_career_mean=11
minuti_totali_std3=10
voto_medio_career_mean=10
squadra_in_champions_target=10
voto_medio_std3=9
ammonizioni_totali_std3=9
shots_totali_career_mean=9
squadra_nuova_punti_finali_n1=9
presenze_titolare_ma3=8
xa_totale_std3=8
xa_totale_trend3=8
eta_n1=8
presenze_titolare_lag1=7
bonus_netti_trend3=7
minuti_totali_trend3=7
xg_totale_std3=7
ammonizioni_totali_career_mean=7
infortuni_n1_giorni_totali=7
rigori_segnati_totali_lag1=6
presenze_ma3=6
xg_totale_ma3=6
xa_totale_ma3=6
rigori_segnati_totali_trend3=6
presenze_titolare_career_mean=6
rigori_parati_totali_ma3=5
presenze_titolare_std3=5
ammonizioni_totali_lag1=4
assist_trend3=4
presenze_std3=4
presenze_trend3=4
xg_totale_trend3=4
squadra_nuova_posizione_finale_n1=4
rigori_parati_totali_lag1=3
gol_ma3=3
gol_std3=3
assist_std3=3
rigori_segnati_totali_std3=3
rigori_segnati_totali_career_mean=3
cambio_squadra=2
rigori_segnati_totali_ma3=2
shots_totali_trend3=2
rigori_parati_totali_std3=2
gol_career_mean=2
presenze_cumulate_carriera_n1=1
espulsioni_totali_lag1=1
gol_trend3=1
voto_medio_trend3=1
presenze_titolare_trend3=1
ammonizioni_totali_trend3=1
rigori_sbagliati_totali_trend3=1
assist_career_mean=1
infortuni_n1_count=1
piede_dominante=1

parameters:
[boosting: gbdt]
[objective: regression]
[metric: l1]
[tree_learner: serial]
[device_type: cpu]
[data_sample_strategy: bagging]
[data: ]
[valid: ]
[num_iterations: 1000]
[learning_rate: 0.05]
[num_leaves: 15]
[num_threads: 0]
[seed: 42]
[deterministic: 0]
[force_col_wise: 0]
[force_row_wise: 0]
[histogram_pool_size: -1]
[max_depth: -1]
[min_data_in_leaf: 15]
[min_sum_hessian_in_leaf: 0.001]
[bagging_fraction: 0.85]
[pos_bagging_fraction: 1]
[neg_bagging_fraction: 1]
[bagging_freq: 5]
[bagging_seed: 400]
[bagging_by_query: 0]
[feature_fraction: 0.85]
[feature_fraction_bynode: 1]
[feature_fraction_seed: 30056]
[extra_trees: 0]
[extra_seed: 12879]
[early_stopping_round: 0]
[early_stopping_min_delta: 0]
[first_metric_only: 0]
[max_delta_step: 0]
[lambda_l1: 0]
[lambda_l2: 0]
[linear_lambda: 0]
[min_gain_to_split: 0]
[drop_rate: 0.1]
[max_drop: 50]
[skip_drop: 0.5]
[xgboost_dart_mode: 0]
[uniform_drop: 0]
[drop_seed: 17869]
[top_rate: 0.2]
[other_rate: 0.1]
[min_data_per_group: 100]
[max_cat_threshold: 32]
[cat_l2: 10]
[cat_smooth: 10]
[max_cat_to_onehot: 4]
[top_k: 20]
[monotone_constraints: ]
[monotone_constraints_method: basic]
[monotone_penalty: 0]
[feature_contri: ]
[forcedsplits_filename: ]
[refit_decay_rate: 0.9]
[cegb_tradeoff: 1]
[cegb_penalty_split: 0]
[cegb_penalty_feature_lazy: ]
[cegb_penalty_feature_coupled: ]
[path_smooth: 0]
[interaction_constraints: ]
[verbosity: -1]
[saved_feature_importance_type: 0]
[use_quantized_grad: 0]
[num_grad_quant_bins: 4]
[quant_train_renew_leaf: 0]
[stochastic_rounding: 1]
[linear_tree: 0]
[max_bin: 255]
[max_bin_by_feature: ]
[min_data_in_bin: 3]
[bin_construct_sample_cnt: 200000]
[data_random_seed: 175]
[is_enable_sparse: 1]
[enable_bundle: 1]
[use_missing: 1]
[zero_as_missing: 0]
[feature_pre_filter: 1]
[pre_partition: 0]
[two_round: 0]
[header: 0]
[label_column: ]
[weight_column: ]
[group_column: ]
[ignore_column: ]
[categorical_feature: 0,98,99]
[forcedbins_filename: ]
[precise_float_parser: 0]
[parser_config_file: ]
[objective_seed: 16083]
[num_class: 1]
[is_unbalance: 0]
[scale_pos_weight: 1]
[sigmoid: 1]
[boost_from_average: 1]
[reg_sqrt: 0]
[alpha: 0.9]
[fair_c: 1]
[poisson_max_delta_step: 0.7]
[tweedie_variance_power: 1.5]
[lambdarank_truncation_level: 30]
[lambdarank_norm: 1]
[label_gain: ]
[lambdarank_position_bias_regularization: 0]
[eval_at: ]
[multi_error_top_k: 1]
[auc_mu_weights: ]
[num_machines: 1]
[local_listen_port: 12400]
[time_out: 120]
[machine_list_filename: ]
[machines: ]
[gpu_platform_id: -1]
[gpu_device_id: -1]
[gpu_device_id_list: ]
[gpu_use_dp: 0]
[num_gpu: 1]

end of parameters

pandas_categorical:[["attaccante", "centrocampista", "difensore", "portiere"], ["Albania", "Algeria", "Angola", "Argentina", "Armenia", "Australia", "Austria", "Belgium", "Bosnia-Herzegovina", "Brazil", "Bulgaria", "Burkina Faso", "Cameroon", "Canada", "Central African Republic", "Chile", "Colombia", "Congo", "Costa Rica", "Cote d'Ivoire", "Croatia", "Cyprus", "Czech Republic", "DR Congo", "Denmark", "Ecuador", "Egypt", "England", "Equatorial Guinea", "Estonia", "Finland", "France", "Gabon", "Georgia", "Germany", "Ghana", "Greece", "Guinea", "Guinea-Bissau", "Hungary", "Iceland", "Indonesia", "Iraq", "Ireland", "Italy", "Japan", "Korea, North", "Kosovo", "Liechtenstein", "Lithuania", "Mali", "Martinique", "Mexico", "Moldova", "Montenegro", "Morocco", "Netherlands", "New Zealand", "Nigeria", "North Macedonia", "Norway", "Paraguay", "Peru", "Poland", "Portugal", "Romania", "Russia", "Scotland", "Senegal", "Serbia", "Sierra Leone", "Slovakia", "Slovenia", "Spain", "Suriname", "Sweden", "Switzerland", "The Gambia", "Togo", "Tunisia", "T\u00fcrkiye", "Ukraine", "United States", "Uruguay", "Uzbekistan", "Venezuela", "Wales", "Zambia", "Zimbabwe"], ["both", "left", "right"]]
